{
 "cells": [
  {
   "cell_type": "markdown",
   "metadata": {},
   "source": [
    "# Setup"
   ]
  },
  {
   "cell_type": "code",
   "execution_count": 1,
   "metadata": {},
   "outputs": [
    {
     "name": "stdout",
     "output_type": "stream",
     "text": [
      "Loading data...\n"
     ]
    },
    {
     "name": "stderr",
     "output_type": "stream",
     "text": [
      "Loading data: 100%|██████████| 100000/100000 [00:00<00:00, 194612.67it/s]\n",
      "Loading data: 100%|██████████| 100000/100000 [00:00<00:00, 225335.33it/s]\n",
      "Loading data: 100%|██████████| 100000/100000 [00:00<00:00, 205979.55it/s]\n"
     ]
    }
   ],
   "source": [
    "import torch.optim as optim\n",
    "import torch.nn.functional as F\n",
    "from torch.optim.lr_scheduler import ReduceLROnPlateau\n",
    "import wandb\n",
    "from utilities import *\n",
    "from config import *\n",
    "from dataloading import *\n",
    "from tqdm import tqdm\n",
    "from transformer import *\n",
    "import os"
   ]
  },
  {
   "cell_type": "code",
   "execution_count": null,
   "metadata": {},
   "outputs": [],
   "source": [
    "for x in train_dataloader:\n",
    "    data, train = x\n",
    "    break"
   ]
  },
  {
   "cell_type": "code",
   "execution_count": null,
   "metadata": {},
   "outputs": [],
   "source": [
    "data[:10]"
   ]
  },
  {
   "cell_type": "code",
   "execution_count": null,
   "metadata": {},
   "outputs": [],
   "source": [
    "train[:10]"
   ]
  },
  {
   "cell_type": "code",
   "execution_count": null,
   "metadata": {},
   "outputs": [],
   "source": [
    "model = BigramLanguageModel()"
   ]
  },
  {
   "cell_type": "code",
   "execution_count": 2,
   "metadata": {},
   "outputs": [
    {
     "data": {
      "text/plain": [
       "True"
      ]
     },
     "execution_count": 2,
     "metadata": {},
     "output_type": "execute_result"
    }
   ],
   "source": [
    "# setup the model\n",
    "model = BigramLanguageModel()\n",
    "\n",
    "# cuda? (gpu)\n",
    "if torch.cuda.is_available():\n",
    "  device = \"cuda:0\"\n",
    "else:\n",
    "  device = \"cpu\"\n",
    "\n",
    "# send to gpu (maybe)\n",
    "model = nn.DataParallel(model)\n",
    "model = model.to(device)\n",
    "\n",
    "# optionally: load the model\n",
    "filename = PATH + \"/model/\" + MODELNAME + \".pth\"\n",
    "if os.path.isfile(filename):\n",
    "    model.load_state_dict(torch.load(filename, map_location=torch.device(device)))\n",
    "\n",
    "os.path.isfile(filename)"
   ]
  },
  {
   "cell_type": "code",
   "execution_count": 3,
   "metadata": {},
   "outputs": [],
   "source": [
    "from sklearn.decomposition import PCA\n",
    "import numpy as np\n",
    "\n",
    "embedding = np.array(model.module.token_embedding_table.weight.cpu().detach().numpy())\n",
    "pos_embedding = np.array(model.module.position_embedding.weight.cpu().detach().numpy())\n",
    "\n",
    "pca = PCA(n_components=3)\n",
    "pca.fit(embedding)\n",
    "\n",
    "embedding_pca = pca.transform(embedding)\n",
    "\n",
    "pca = PCA(n_components=2)\n",
    "pca.fit(pos_embedding)\n",
    "\n",
    "pos_embedding_pca = pca.transform(pos_embedding)"
   ]
  },
  {
   "cell_type": "code",
   "execution_count": 11,
   "metadata": {},
   "outputs": [
    {
     "ename": "ValueError",
     "evalue": "Mime type rendering requires nbformat>=4.2.0 but it is not installed",
     "output_type": "error",
     "traceback": [
      "\u001b[0;31m---------------------------------------------------------------------------\u001b[0m",
      "\u001b[0;31mValueError\u001b[0m                                Traceback (most recent call last)",
      "File \u001b[0;32m~/Library/Python/3.11/lib/python/site-packages/IPython/core/formatters.py:922\u001b[0m, in \u001b[0;36mIPythonDisplayFormatter.__call__\u001b[0;34m(self, obj)\u001b[0m\n\u001b[1;32m    920\u001b[0m method \u001b[39m=\u001b[39m get_real_method(obj, \u001b[39mself\u001b[39m\u001b[39m.\u001b[39mprint_method)\n\u001b[1;32m    921\u001b[0m \u001b[39mif\u001b[39;00m method \u001b[39mis\u001b[39;00m \u001b[39mnot\u001b[39;00m \u001b[39mNone\u001b[39;00m:\n\u001b[0;32m--> 922\u001b[0m     method()\n\u001b[1;32m    923\u001b[0m     \u001b[39mreturn\u001b[39;00m \u001b[39mTrue\u001b[39;00m\n",
      "File \u001b[0;32m~/Library/Python/3.11/lib/python/site-packages/plotly/basedatatypes.py:832\u001b[0m, in \u001b[0;36mBaseFigure._ipython_display_\u001b[0;34m(self)\u001b[0m\n\u001b[1;32m    829\u001b[0m \u001b[39mimport\u001b[39;00m \u001b[39mplotly\u001b[39;00m\u001b[39m.\u001b[39;00m\u001b[39mio\u001b[39;00m \u001b[39mas\u001b[39;00m \u001b[39mpio\u001b[39;00m\n\u001b[1;32m    831\u001b[0m \u001b[39mif\u001b[39;00m pio\u001b[39m.\u001b[39mrenderers\u001b[39m.\u001b[39mrender_on_display \u001b[39mand\u001b[39;00m pio\u001b[39m.\u001b[39mrenderers\u001b[39m.\u001b[39mdefault:\n\u001b[0;32m--> 832\u001b[0m     pio\u001b[39m.\u001b[39;49mshow(\u001b[39mself\u001b[39;49m)\n\u001b[1;32m    833\u001b[0m \u001b[39melse\u001b[39;00m:\n\u001b[1;32m    834\u001b[0m     \u001b[39mprint\u001b[39m(\u001b[39mrepr\u001b[39m(\u001b[39mself\u001b[39m))\n",
      "File \u001b[0;32m~/Library/Python/3.11/lib/python/site-packages/plotly/io/_renderers.py:394\u001b[0m, in \u001b[0;36mshow\u001b[0;34m(fig, renderer, validate, **kwargs)\u001b[0m\n\u001b[1;32m    389\u001b[0m         \u001b[39mraise\u001b[39;00m \u001b[39mValueError\u001b[39;00m(\n\u001b[1;32m    390\u001b[0m             \u001b[39m\"\u001b[39m\u001b[39mMime type rendering requires ipython but it is not installed\u001b[39m\u001b[39m\"\u001b[39m\n\u001b[1;32m    391\u001b[0m         )\n\u001b[1;32m    393\u001b[0m     \u001b[39mif\u001b[39;00m \u001b[39mnot\u001b[39;00m nbformat \u001b[39mor\u001b[39;00m Version(nbformat\u001b[39m.\u001b[39m__version__) \u001b[39m<\u001b[39m Version(\u001b[39m\"\u001b[39m\u001b[39m4.2.0\u001b[39m\u001b[39m\"\u001b[39m):\n\u001b[0;32m--> 394\u001b[0m         \u001b[39mraise\u001b[39;00m \u001b[39mValueError\u001b[39;00m(\n\u001b[1;32m    395\u001b[0m             \u001b[39m\"\u001b[39m\u001b[39mMime type rendering requires nbformat>=4.2.0 but it is not installed\u001b[39m\u001b[39m\"\u001b[39m\n\u001b[1;32m    396\u001b[0m         )\n\u001b[1;32m    398\u001b[0m     ipython_display\u001b[39m.\u001b[39mdisplay(bundle, raw\u001b[39m=\u001b[39m\u001b[39mTrue\u001b[39;00m)\n\u001b[1;32m    400\u001b[0m \u001b[39m# external renderers\u001b[39;00m\n",
      "\u001b[0;31mValueError\u001b[0m: Mime type rendering requires nbformat>=4.2.0 but it is not installed"
     ]
    },
    {
     "data": {
      "application/vnd.plotly.v1+json": {
       "config": {
        "plotlyServerURL": "https://plot.ly"
       },
       "data": [
        {
         "coloraxis": "coloraxis",
         "hovertemplate": "x: %{x}<br>y: %{y}<br>color: %{z}<extra></extra>",
         "name": "0",
         "type": "heatmap",
         "xaxis": "x",
         "yaxis": "y",
         "z": [
          [
           314.84893798828125,
           31.86105728149414,
           -11.656542778015137,
           -11.272592544555664,
           -15.115309715270996,
           -21.4351863861084,
           10.54270076751709,
           -0.33846378326416016,
           -30.878768920898438,
           -12.34532356262207,
           -10.355306625366211
          ],
          [
           31.86105728149414,
           358.53729248046875,
           11.16161823272705,
           -16.454736709594727,
           5.144504547119141,
           -5.6384100914001465,
           -35.91448974609375,
           -22.28897476196289,
           -3.0223522186279297,
           13.178712844848633,
           2.7697067260742188
          ],
          [
           -11.656542778015137,
           11.16161823272705,
           319.038330078125,
           16.294010162353516,
           -0.6284990310668945,
           -19.366958618164062,
           -0.09558248519897461,
           -12.987325668334961,
           17.931556701660156,
           2.714150905609131,
           8.81509017944336
          ],
          [
           -11.272592544555664,
           -16.454736709594727,
           16.294010162353516,
           361.83746337890625,
           -17.901119232177734,
           -12.59946060180664,
           -22.39145851135254,
           43.38682556152344,
           32.52935028076172,
           0.33441805839538574,
           -4.522214889526367
          ],
          [
           -15.115309715270996,
           5.144504547119141,
           -0.6284990310668945,
           -17.901119232177734,
           390.8873291015625,
           -6.680027008056641,
           -6.460395336151123,
           8.131324768066406,
           20.957195281982422,
           -27.436233520507812,
           -17.59503173828125
          ],
          [
           -21.4351863861084,
           -5.6384100914001465,
           -19.366958618164062,
           -12.59946060180664,
           -6.680027008056641,
           391.33233642578125,
           -16.645076751708984,
           -9.437787055969238,
           -9.130970001220703,
           5.05905294418335,
           10.10673713684082
          ],
          [
           10.54270076751709,
           -35.91448974609375,
           -0.09558248519897461,
           -22.39145851135254,
           -6.460395336151123,
           -16.645076751708984,
           341.45306396484375,
           -12.534174919128418,
           4.971076965332031,
           6.18324089050293,
           7.809727191925049
          ],
          [
           -0.33846378326416016,
           -22.28897476196289,
           -12.987325668334961,
           43.38682556152344,
           8.131324768066406,
           -9.437787055969238,
           -12.534174919128418,
           345.03839111328125,
           -2.085712432861328,
           0.07941579818725586,
           -32.574249267578125
          ],
          [
           -30.878768920898438,
           -3.0223522186279297,
           17.931556701660156,
           32.52935028076172,
           20.957195281982422,
           -9.130970001220703,
           4.971076965332031,
           -2.085712432861328,
           369.7991638183594,
           7.784797668457031,
           14.50464916229248
          ],
          [
           -12.34532356262207,
           13.178712844848633,
           2.714150905609131,
           0.33441805839538574,
           -27.436233520507812,
           5.05905294418335,
           6.18324089050293,
           0.07941579818725586,
           7.784797668457031,
           337.0487060546875,
           1.168001651763916
          ],
          [
           -10.355306625366211,
           2.7697067260742188,
           8.81509017944336,
           -4.522214889526367,
           -17.59503173828125,
           10.10673713684082,
           7.809727191925049,
           -32.574249267578125,
           14.50464916229248,
           1.168001651763916,
           345.86541748046875
          ]
         ]
        }
       ],
       "layout": {
        "coloraxis": {
         "colorscale": [
          [
           0,
           "#0d0887"
          ],
          [
           0.1111111111111111,
           "#46039f"
          ],
          [
           0.2222222222222222,
           "#7201a8"
          ],
          [
           0.3333333333333333,
           "#9c179e"
          ],
          [
           0.4444444444444444,
           "#bd3786"
          ],
          [
           0.5555555555555556,
           "#d8576b"
          ],
          [
           0.6666666666666666,
           "#ed7953"
          ],
          [
           0.7777777777777778,
           "#fb9f3a"
          ],
          [
           0.8888888888888888,
           "#fdca26"
          ],
          [
           1,
           "#f0f921"
          ]
         ]
        },
        "margin": {
         "t": 60
        },
        "template": {
         "data": {
          "bar": [
           {
            "error_x": {
             "color": "#2a3f5f"
            },
            "error_y": {
             "color": "#2a3f5f"
            },
            "marker": {
             "line": {
              "color": "#E5ECF6",
              "width": 0.5
             },
             "pattern": {
              "fillmode": "overlay",
              "size": 10,
              "solidity": 0.2
             }
            },
            "type": "bar"
           }
          ],
          "barpolar": [
           {
            "marker": {
             "line": {
              "color": "#E5ECF6",
              "width": 0.5
             },
             "pattern": {
              "fillmode": "overlay",
              "size": 10,
              "solidity": 0.2
             }
            },
            "type": "barpolar"
           }
          ],
          "carpet": [
           {
            "aaxis": {
             "endlinecolor": "#2a3f5f",
             "gridcolor": "white",
             "linecolor": "white",
             "minorgridcolor": "white",
             "startlinecolor": "#2a3f5f"
            },
            "baxis": {
             "endlinecolor": "#2a3f5f",
             "gridcolor": "white",
             "linecolor": "white",
             "minorgridcolor": "white",
             "startlinecolor": "#2a3f5f"
            },
            "type": "carpet"
           }
          ],
          "choropleth": [
           {
            "colorbar": {
             "outlinewidth": 0,
             "ticks": ""
            },
            "type": "choropleth"
           }
          ],
          "contour": [
           {
            "colorbar": {
             "outlinewidth": 0,
             "ticks": ""
            },
            "colorscale": [
             [
              0,
              "#0d0887"
             ],
             [
              0.1111111111111111,
              "#46039f"
             ],
             [
              0.2222222222222222,
              "#7201a8"
             ],
             [
              0.3333333333333333,
              "#9c179e"
             ],
             [
              0.4444444444444444,
              "#bd3786"
             ],
             [
              0.5555555555555556,
              "#d8576b"
             ],
             [
              0.6666666666666666,
              "#ed7953"
             ],
             [
              0.7777777777777778,
              "#fb9f3a"
             ],
             [
              0.8888888888888888,
              "#fdca26"
             ],
             [
              1,
              "#f0f921"
             ]
            ],
            "type": "contour"
           }
          ],
          "contourcarpet": [
           {
            "colorbar": {
             "outlinewidth": 0,
             "ticks": ""
            },
            "type": "contourcarpet"
           }
          ],
          "heatmap": [
           {
            "colorbar": {
             "outlinewidth": 0,
             "ticks": ""
            },
            "colorscale": [
             [
              0,
              "#0d0887"
             ],
             [
              0.1111111111111111,
              "#46039f"
             ],
             [
              0.2222222222222222,
              "#7201a8"
             ],
             [
              0.3333333333333333,
              "#9c179e"
             ],
             [
              0.4444444444444444,
              "#bd3786"
             ],
             [
              0.5555555555555556,
              "#d8576b"
             ],
             [
              0.6666666666666666,
              "#ed7953"
             ],
             [
              0.7777777777777778,
              "#fb9f3a"
             ],
             [
              0.8888888888888888,
              "#fdca26"
             ],
             [
              1,
              "#f0f921"
             ]
            ],
            "type": "heatmap"
           }
          ],
          "heatmapgl": [
           {
            "colorbar": {
             "outlinewidth": 0,
             "ticks": ""
            },
            "colorscale": [
             [
              0,
              "#0d0887"
             ],
             [
              0.1111111111111111,
              "#46039f"
             ],
             [
              0.2222222222222222,
              "#7201a8"
             ],
             [
              0.3333333333333333,
              "#9c179e"
             ],
             [
              0.4444444444444444,
              "#bd3786"
             ],
             [
              0.5555555555555556,
              "#d8576b"
             ],
             [
              0.6666666666666666,
              "#ed7953"
             ],
             [
              0.7777777777777778,
              "#fb9f3a"
             ],
             [
              0.8888888888888888,
              "#fdca26"
             ],
             [
              1,
              "#f0f921"
             ]
            ],
            "type": "heatmapgl"
           }
          ],
          "histogram": [
           {
            "marker": {
             "pattern": {
              "fillmode": "overlay",
              "size": 10,
              "solidity": 0.2
             }
            },
            "type": "histogram"
           }
          ],
          "histogram2d": [
           {
            "colorbar": {
             "outlinewidth": 0,
             "ticks": ""
            },
            "colorscale": [
             [
              0,
              "#0d0887"
             ],
             [
              0.1111111111111111,
              "#46039f"
             ],
             [
              0.2222222222222222,
              "#7201a8"
             ],
             [
              0.3333333333333333,
              "#9c179e"
             ],
             [
              0.4444444444444444,
              "#bd3786"
             ],
             [
              0.5555555555555556,
              "#d8576b"
             ],
             [
              0.6666666666666666,
              "#ed7953"
             ],
             [
              0.7777777777777778,
              "#fb9f3a"
             ],
             [
              0.8888888888888888,
              "#fdca26"
             ],
             [
              1,
              "#f0f921"
             ]
            ],
            "type": "histogram2d"
           }
          ],
          "histogram2dcontour": [
           {
            "colorbar": {
             "outlinewidth": 0,
             "ticks": ""
            },
            "colorscale": [
             [
              0,
              "#0d0887"
             ],
             [
              0.1111111111111111,
              "#46039f"
             ],
             [
              0.2222222222222222,
              "#7201a8"
             ],
             [
              0.3333333333333333,
              "#9c179e"
             ],
             [
              0.4444444444444444,
              "#bd3786"
             ],
             [
              0.5555555555555556,
              "#d8576b"
             ],
             [
              0.6666666666666666,
              "#ed7953"
             ],
             [
              0.7777777777777778,
              "#fb9f3a"
             ],
             [
              0.8888888888888888,
              "#fdca26"
             ],
             [
              1,
              "#f0f921"
             ]
            ],
            "type": "histogram2dcontour"
           }
          ],
          "mesh3d": [
           {
            "colorbar": {
             "outlinewidth": 0,
             "ticks": ""
            },
            "type": "mesh3d"
           }
          ],
          "parcoords": [
           {
            "line": {
             "colorbar": {
              "outlinewidth": 0,
              "ticks": ""
             }
            },
            "type": "parcoords"
           }
          ],
          "pie": [
           {
            "automargin": true,
            "type": "pie"
           }
          ],
          "scatter": [
           {
            "fillpattern": {
             "fillmode": "overlay",
             "size": 10,
             "solidity": 0.2
            },
            "type": "scatter"
           }
          ],
          "scatter3d": [
           {
            "line": {
             "colorbar": {
              "outlinewidth": 0,
              "ticks": ""
             }
            },
            "marker": {
             "colorbar": {
              "outlinewidth": 0,
              "ticks": ""
             }
            },
            "type": "scatter3d"
           }
          ],
          "scattercarpet": [
           {
            "marker": {
             "colorbar": {
              "outlinewidth": 0,
              "ticks": ""
             }
            },
            "type": "scattercarpet"
           }
          ],
          "scattergeo": [
           {
            "marker": {
             "colorbar": {
              "outlinewidth": 0,
              "ticks": ""
             }
            },
            "type": "scattergeo"
           }
          ],
          "scattergl": [
           {
            "marker": {
             "colorbar": {
              "outlinewidth": 0,
              "ticks": ""
             }
            },
            "type": "scattergl"
           }
          ],
          "scattermapbox": [
           {
            "marker": {
             "colorbar": {
              "outlinewidth": 0,
              "ticks": ""
             }
            },
            "type": "scattermapbox"
           }
          ],
          "scatterpolar": [
           {
            "marker": {
             "colorbar": {
              "outlinewidth": 0,
              "ticks": ""
             }
            },
            "type": "scatterpolar"
           }
          ],
          "scatterpolargl": [
           {
            "marker": {
             "colorbar": {
              "outlinewidth": 0,
              "ticks": ""
             }
            },
            "type": "scatterpolargl"
           }
          ],
          "scatterternary": [
           {
            "marker": {
             "colorbar": {
              "outlinewidth": 0,
              "ticks": ""
             }
            },
            "type": "scatterternary"
           }
          ],
          "surface": [
           {
            "colorbar": {
             "outlinewidth": 0,
             "ticks": ""
            },
            "colorscale": [
             [
              0,
              "#0d0887"
             ],
             [
              0.1111111111111111,
              "#46039f"
             ],
             [
              0.2222222222222222,
              "#7201a8"
             ],
             [
              0.3333333333333333,
              "#9c179e"
             ],
             [
              0.4444444444444444,
              "#bd3786"
             ],
             [
              0.5555555555555556,
              "#d8576b"
             ],
             [
              0.6666666666666666,
              "#ed7953"
             ],
             [
              0.7777777777777778,
              "#fb9f3a"
             ],
             [
              0.8888888888888888,
              "#fdca26"
             ],
             [
              1,
              "#f0f921"
             ]
            ],
            "type": "surface"
           }
          ],
          "table": [
           {
            "cells": {
             "fill": {
              "color": "#EBF0F8"
             },
             "line": {
              "color": "white"
             }
            },
            "header": {
             "fill": {
              "color": "#C8D4E3"
             },
             "line": {
              "color": "white"
             }
            },
            "type": "table"
           }
          ]
         },
         "layout": {
          "annotationdefaults": {
           "arrowcolor": "#2a3f5f",
           "arrowhead": 0,
           "arrowwidth": 1
          },
          "autotypenumbers": "strict",
          "coloraxis": {
           "colorbar": {
            "outlinewidth": 0,
            "ticks": ""
           }
          },
          "colorscale": {
           "diverging": [
            [
             0,
             "#8e0152"
            ],
            [
             0.1,
             "#c51b7d"
            ],
            [
             0.2,
             "#de77ae"
            ],
            [
             0.3,
             "#f1b6da"
            ],
            [
             0.4,
             "#fde0ef"
            ],
            [
             0.5,
             "#f7f7f7"
            ],
            [
             0.6,
             "#e6f5d0"
            ],
            [
             0.7,
             "#b8e186"
            ],
            [
             0.8,
             "#7fbc41"
            ],
            [
             0.9,
             "#4d9221"
            ],
            [
             1,
             "#276419"
            ]
           ],
           "sequential": [
            [
             0,
             "#0d0887"
            ],
            [
             0.1111111111111111,
             "#46039f"
            ],
            [
             0.2222222222222222,
             "#7201a8"
            ],
            [
             0.3333333333333333,
             "#9c179e"
            ],
            [
             0.4444444444444444,
             "#bd3786"
            ],
            [
             0.5555555555555556,
             "#d8576b"
            ],
            [
             0.6666666666666666,
             "#ed7953"
            ],
            [
             0.7777777777777778,
             "#fb9f3a"
            ],
            [
             0.8888888888888888,
             "#fdca26"
            ],
            [
             1,
             "#f0f921"
            ]
           ],
           "sequentialminus": [
            [
             0,
             "#0d0887"
            ],
            [
             0.1111111111111111,
             "#46039f"
            ],
            [
             0.2222222222222222,
             "#7201a8"
            ],
            [
             0.3333333333333333,
             "#9c179e"
            ],
            [
             0.4444444444444444,
             "#bd3786"
            ],
            [
             0.5555555555555556,
             "#d8576b"
            ],
            [
             0.6666666666666666,
             "#ed7953"
            ],
            [
             0.7777777777777778,
             "#fb9f3a"
            ],
            [
             0.8888888888888888,
             "#fdca26"
            ],
            [
             1,
             "#f0f921"
            ]
           ]
          },
          "colorway": [
           "#636efa",
           "#EF553B",
           "#00cc96",
           "#ab63fa",
           "#FFA15A",
           "#19d3f3",
           "#FF6692",
           "#B6E880",
           "#FF97FF",
           "#FECB52"
          ],
          "font": {
           "color": "#2a3f5f"
          },
          "geo": {
           "bgcolor": "white",
           "lakecolor": "white",
           "landcolor": "#E5ECF6",
           "showlakes": true,
           "showland": true,
           "subunitcolor": "white"
          },
          "hoverlabel": {
           "align": "left"
          },
          "hovermode": "closest",
          "mapbox": {
           "style": "light"
          },
          "paper_bgcolor": "white",
          "plot_bgcolor": "#E5ECF6",
          "polar": {
           "angularaxis": {
            "gridcolor": "white",
            "linecolor": "white",
            "ticks": ""
           },
           "bgcolor": "#E5ECF6",
           "radialaxis": {
            "gridcolor": "white",
            "linecolor": "white",
            "ticks": ""
           }
          },
          "scene": {
           "xaxis": {
            "backgroundcolor": "#E5ECF6",
            "gridcolor": "white",
            "gridwidth": 2,
            "linecolor": "white",
            "showbackground": true,
            "ticks": "",
            "zerolinecolor": "white"
           },
           "yaxis": {
            "backgroundcolor": "#E5ECF6",
            "gridcolor": "white",
            "gridwidth": 2,
            "linecolor": "white",
            "showbackground": true,
            "ticks": "",
            "zerolinecolor": "white"
           },
           "zaxis": {
            "backgroundcolor": "#E5ECF6",
            "gridcolor": "white",
            "gridwidth": 2,
            "linecolor": "white",
            "showbackground": true,
            "ticks": "",
            "zerolinecolor": "white"
           }
          },
          "shapedefaults": {
           "line": {
            "color": "#2a3f5f"
           }
          },
          "ternary": {
           "aaxis": {
            "gridcolor": "white",
            "linecolor": "white",
            "ticks": ""
           },
           "baxis": {
            "gridcolor": "white",
            "linecolor": "white",
            "ticks": ""
           },
           "bgcolor": "#E5ECF6",
           "caxis": {
            "gridcolor": "white",
            "linecolor": "white",
            "ticks": ""
           }
          },
          "title": {
           "x": 0.05
          },
          "xaxis": {
           "automargin": true,
           "gridcolor": "white",
           "linecolor": "white",
           "ticks": "",
           "title": {
            "standoff": 15
           },
           "zerolinecolor": "white",
           "zerolinewidth": 2
          },
          "yaxis": {
           "automargin": true,
           "gridcolor": "white",
           "linecolor": "white",
           "ticks": "",
           "title": {
            "standoff": 15
           },
           "zerolinecolor": "white",
           "zerolinewidth": 2
          }
         }
        },
        "xaxis": {
         "anchor": "y",
         "constrain": "domain",
         "domain": [
          0,
          1
         ],
         "scaleanchor": "y"
        },
        "yaxis": {
         "anchor": "x",
         "autorange": "reversed",
         "constrain": "domain",
         "domain": [
          0,
          1
         ]
        }
       }
      },
      "text/html": [
       "<div>                        <script type=\"text/javascript\">window.PlotlyConfig = {MathJaxConfig: 'local'};</script>\n",
