{
 "cells": [
  {
   "cell_type": "markdown",
   "metadata": {},
   "source": [
    "# Setup"
   ]
  },
  {
   "cell_type": "code",
   "execution_count": 1,
   "metadata": {},
   "outputs": [
    {
     "name": "stderr",
     "output_type": "stream",
     "text": [
      "/Users/midataur/Documents/github/permutations/scaling-generator/.venv/lib/python3.12/site-packages/tqdm/auto.py:21: TqdmWarning: IProgress not found. Please update jupyter and ipywidgets. See https://ipywidgets.readthedocs.io/en/stable/user_install.html\n",
      "  from .autonotebook import tqdm as notebook_tqdm\n"
     ]
    }
   ],
   "source": [
    "import torch.optim as optim\n",
    "import torch.nn.functional as F\n",
    "from torch.optim.lr_scheduler import ReduceLROnPlateau\n",
    "import wandb\n",
    "from utilities import *\n",
    "from config import *\n",
    "from dataloading import *\n",
    "from tqdm import tqdm\n",
    "from transformer import *\n",
    "import os"
   ]
  },
  {
   "cell_type": "code",
   "execution_count": 2,
   "metadata": {},
   "outputs": [
    {
     "name": "stderr",
     "output_type": "stream",
     "text": [
      "Loading data: 100000it [00:01, 59292.38it/s]\n",
      "Loading data: 10000it [00:00, 66940.28it/s]\n",
      "Loading data: 5000it [00:00, 62326.20it/s]\n"
     ]
    }
   ],
   "source": [
    "(\n",
    "        train_inputs, train_perms, train_dataloader, \n",
    "        val_seqs, val_perms, val_dataloader,\n",
    "        test_seqs, test_perms, test_dataloader,\n",
    "        dataset_size\n",
    ") = load_data()"
   ]
  },
  {
   "cell_type": "markdown",
   "metadata": {},
   "source": [
    "## Load model (accelerator version)"
   ]
  },
  {
   "cell_type": "code",
   "execution_count": 3,
   "metadata": {},
   "outputs": [
    {
     "ename": "ValueError",
     "evalue": "`checkpoint` should be the path to a file containing a whole state dict, or the index of a sharded checkpoint, or a folder containing a sharded checkpoint or the whole state dict, but got ./model/torn-1.0/model.safetensors.",
     "output_type": "error",
     "traceback": [
      "\u001b[0;31m---------------------------------------------------------------------------\u001b[0m",
      "\u001b[0;31mValueError\u001b[0m                                Traceback (most recent call last)",
      "Cell \u001b[0;32mIn[3], line 12\u001b[0m\n\u001b[1;32m      9\u001b[0m save_directory \u001b[38;5;241m=\u001b[39m \u001b[38;5;124mf\u001b[39m\u001b[38;5;124m\"\u001b[39m\u001b[38;5;132;01m{\u001b[39;00mPATH\u001b[38;5;132;01m}\u001b[39;00m\u001b[38;5;124m/model/\u001b[39m\u001b[38;5;132;01m{\u001b[39;00mMODELNAME\u001b[38;5;132;01m}\u001b[39;00m\u001b[38;5;124m\"\u001b[39m\n\u001b[1;32m     10\u001b[0m file_path \u001b[38;5;241m=\u001b[39m \u001b[38;5;124mf\u001b[39m\u001b[38;5;124m\"\u001b[39m\u001b[38;5;132;01m{\u001b[39;00msave_directory\u001b[38;5;132;01m}\u001b[39;00m\u001b[38;5;124m/model.safetensors\u001b[39m\u001b[38;5;124m\"\u001b[39m\n\u001b[0;32m---> 12\u001b[0m model \u001b[38;5;241m=\u001b[39m \u001b[43mload_checkpoint_and_dispatch\u001b[49m\u001b[43m(\u001b[49m\u001b[43mmodel\u001b[49m\u001b[43m,\u001b[49m\u001b[43m \u001b[49m\u001b[43mfile_path\u001b[49m\u001b[43m)\u001b[49m\n",
      "File \u001b[0;32m~/Documents/github/permutations/scaling-generator/.venv/lib/python3.12/site-packages/accelerate/big_modeling.py:608\u001b[0m, in \u001b[0;36mload_checkpoint_and_dispatch\u001b[0;34m(model, checkpoint, device_map, max_memory, no_split_module_classes, offload_folder, offload_buffers, dtype, offload_state_dict, skip_keys, preload_module_classes, force_hooks, strict)\u001b[0m\n\u001b[1;32m    606\u001b[0m \u001b[38;5;28;01mif\u001b[39;00m offload_state_dict \u001b[38;5;129;01mis\u001b[39;00m \u001b[38;5;28;01mNone\u001b[39;00m \u001b[38;5;129;01mand\u001b[39;00m device_map \u001b[38;5;129;01mis\u001b[39;00m \u001b[38;5;129;01mnot\u001b[39;00m \u001b[38;5;28;01mNone\u001b[39;00m \u001b[38;5;129;01mand\u001b[39;00m \u001b[38;5;124m\"\u001b[39m\u001b[38;5;124mdisk\u001b[39m\u001b[38;5;124m\"\u001b[39m \u001b[38;5;129;01min\u001b[39;00m device_map\u001b[38;5;241m.\u001b[39mvalues():\n\u001b[1;32m    607\u001b[0m     offload_state_dict \u001b[38;5;241m=\u001b[39m \u001b[38;5;28;01mTrue\u001b[39;00m\n\u001b[0;32m--> 608\u001b[0m \u001b[43mload_checkpoint_in_model\u001b[49m\u001b[43m(\u001b[49m\n\u001b[1;32m    609\u001b[0m \u001b[43m    \u001b[49m\u001b[43mmodel\u001b[49m\u001b[43m,\u001b[49m\n\u001b[1;32m    610\u001b[0m \u001b[43m    \u001b[49m\u001b[43mcheckpoint\u001b[49m\u001b[43m,\u001b[49m\n\u001b[1;32m    611\u001b[0m \u001b[43m    \u001b[49m\u001b[43mdevice_map\u001b[49m\u001b[38;5;241;43m=\u001b[39;49m\u001b[43mdevice_map\u001b[49m\u001b[43m,\u001b[49m\n\u001b[1;32m    612\u001b[0m \u001b[43m    \u001b[49m\u001b[43moffload_folder\u001b[49m\u001b[38;5;241;43m=\u001b[39;49m\u001b[43moffload_folder\u001b[49m\u001b[43m,\u001b[49m\n\u001b[1;32m    613\u001b[0m \u001b[43m    \u001b[49m\u001b[43mdtype\u001b[49m\u001b[38;5;241;43m=\u001b[39;49m\u001b[43mdtype\u001b[49m\u001b[43m,\u001b[49m\n\u001b[1;32m    614\u001b[0m \u001b[43m    \u001b[49m\u001b[43moffload_state_dict\u001b[49m\u001b[38;5;241;43m=\u001b[39;49m\u001b[43moffload_state_dict\u001b[49m\u001b[43m,\u001b[49m\n\u001b[1;32m    615\u001b[0m \u001b[43m    \u001b[49m\u001b[43moffload_buffers\u001b[49m\u001b[38;5;241;43m=\u001b[39;49m\u001b[43moffload_buffers\u001b[49m\u001b[43m,\u001b[49m\n\u001b[1;32m    616\u001b[0m \u001b[43m    \u001b[49m\u001b[43mstrict\u001b[49m\u001b[38;5;241;43m=\u001b[39;49m\u001b[43mstrict\u001b[49m\u001b[43m,\u001b[49m\n\u001b[1;32m    617\u001b[0m \u001b[43m\u001b[49m\u001b[43m)\u001b[49m\n\u001b[1;32m    618\u001b[0m \u001b[38;5;28;01mif\u001b[39;00m device_map \u001b[38;5;129;01mis\u001b[39;00m \u001b[38;5;28;01mNone\u001b[39;00m:\n\u001b[1;32m    619\u001b[0m     \u001b[38;5;28;01mreturn\u001b[39;00m model\n",
      "File \u001b[0;32m~/Documents/github/permutations/scaling-generator/.venv/lib/python3.12/site-packages/accelerate/utils/modeling.py:1708\u001b[0m, in \u001b[0;36mload_checkpoint_in_model\u001b[0;34m(model, checkpoint, device_map, offload_folder, dtype, offload_state_dict, offload_buffers, keep_in_fp32_modules, offload_8bit_bnb, strict)\u001b[0m\n\u001b[1;32m   1704\u001b[0m             \u001b[38;5;28;01mraise\u001b[39;00m \u001b[38;5;167;01mValueError\u001b[39;00m(\n\u001b[1;32m   1705\u001b[0m                 \u001b[38;5;124mf\u001b[39m\u001b[38;5;124m\"\u001b[39m\u001b[38;5;132;01m{\u001b[39;00mcheckpoint\u001b[38;5;132;01m}\u001b[39;00m\u001b[38;5;124m containing more than one `.index.json` file, delete the irrelevant ones.\u001b[39m\u001b[38;5;124m\"\u001b[39m\n\u001b[1;32m   1706\u001b[0m             )\n\u001b[1;32m   1707\u001b[0m \u001b[38;5;28;01melse\u001b[39;00m:\n\u001b[0;32m-> 1708\u001b[0m     \u001b[38;5;28;01mraise\u001b[39;00m \u001b[38;5;167;01mValueError\u001b[39;00m(\n\u001b[1;32m   1709\u001b[0m         \u001b[38;5;124m\"\u001b[39m\u001b[38;5;124m`checkpoint` should be the path to a file containing a whole state dict, or the index of a sharded \u001b[39m\u001b[38;5;124m\"\u001b[39m\n\u001b[1;32m   1710\u001b[0m         \u001b[38;5;124mf\u001b[39m\u001b[38;5;124m\"\u001b[39m\u001b[38;5;124mcheckpoint, or a folder containing a sharded checkpoint or the whole state dict, but got \u001b[39m\u001b[38;5;132;01m{\u001b[39;00mcheckpoint\u001b[38;5;132;01m}\u001b[39;00m\u001b[38;5;124m.\u001b[39m\u001b[38;5;124m\"\u001b[39m\n\u001b[1;32m   1711\u001b[0m     )\n\u001b[1;32m   1713\u001b[0m \u001b[38;5;28;01mif\u001b[39;00m index_filename \u001b[38;5;129;01mis\u001b[39;00m \u001b[38;5;129;01mnot\u001b[39;00m \u001b[38;5;28;01mNone\u001b[39;00m:\n\u001b[1;32m   1714\u001b[0m     checkpoint_folder \u001b[38;5;241m=\u001b[39m os\u001b[38;5;241m.\u001b[39mpath\u001b[38;5;241m.\u001b[39msplit(index_filename)[\u001b[38;5;241m0\u001b[39m]\n",
      "\u001b[0;31mValueError\u001b[0m: `checkpoint` should be the path to a file containing a whole state dict, or the index of a sharded checkpoint, or a folder containing a sharded checkpoint or the whole state dict, but got ./model/torn-1.0/model.safetensors."
     ]
    }
   ],
   "source": [
    "from accelerate import Accelerator, load_checkpoint_and_dispatch\n",
    "\n",
    "# setup the model\n",
    "model = BigramLanguageModel()\n",
    "\n",
    "accelerator = Accelerator()\n",
    "\n",
    "# optionally: load the model\n",
    "save_directory = f\"{PATH}/model/{MODELNAME}\"\n",
    "file_path = f\"{save_directory}/model.safetensors\"\n",
    "\n",
    "model = load_checkpoint_and_dispatch(model, file_path)"
   ]
  },
  {
   "cell_type": "code",
   "execution_count": null,
   "metadata": {},
   "outputs": [],
   "source": [
    "model"
   ]
  },
  {
   "cell_type": "code",
   "execution_count": null,
   "metadata": {},
   "outputs": [],
   "source": [
    "sum(p.numel() for p in model.parameters() if p.requires_grad)"
   ]
  },
  {
   "cell_type": "markdown",
   "metadata": {},
   "source": [
    "## Load model (legacy version)"
   ]
  },
  {
   "cell_type": "code",
   "execution_count": 4,
   "metadata": {},
   "outputs": [
    {
     "data": {
      "text/plain": [
       "True"
      ]
     },
     "execution_count": 4,
     "metadata": {},
     "output_type": "execute_result"
    }
   ],
   "source": [
    "from accelerate import Accelerator, load_checkpoint_and_dispatch\n",
    "\n",
    "# setup the model\n",
    "model = BigramLanguageModel()\n",
    "\n",
    "device = \"cpu\"\n",
    "model = nn.DataParallel(model)\n",
    "model = model.to(device)\n",
    "\n",
    "# optionally: load the model\n",
    "filename = f\"{PATH}/model/{MODELNAME}.pth\"\n",
    "\n",
    "if os.path.isfile(filename):\n",
    "    model.load_state_dict(torch.load(filename, map_location=torch.device(device)))\n",
    "\n",
    "os.path.isfile(filename)"
   ]
  },
  {
   "cell_type": "code",
   "execution_count": null,
   "metadata": {},
   "outputs": [],
   "source": [
    "19_225_350"
   ]
  },
  {
   "cell_type": "code",
   "execution_count": null,
   "metadata": {},
   "outputs": [],
   "source": [
    "!pwd"
   ]
  },
  {
   "cell_type": "code",
   "execution_count": null,
   "metadata": {},
   "outputs": [],
   "source": [
    "torch.norm(model.module.position_embedding(torch.arange(block_size)), dim=1)"
   ]
  },
  {
   "cell_type": "code",
   "execution_count": null,
   "metadata": {},
   "outputs": [],
   "source": [
    "INPUT_LENGTH"
   ]
  },
  {
   "cell_type": "code",
   "execution_count": 5,
   "metadata": {},
   "outputs": [
    {
     "data": {
      "application/vnd.plotly.v1+json": {
       "config": {
        "plotlyServerURL": "https://plot.ly"
       },
       "data": [
        {
         "coloraxis": "coloraxis",
         "hovertemplate": "x: %{x}<br>y: %{y}<br>color: %{z}<extra></extra>",
         "name": "0",
         "type": "heatmap",
         "xaxis": "x",
         "yaxis": "y",
         "z": [
          [
           1,
           0.8090169943749475,
           0.3090169943749475,
           -0.30901699437494734,
           -0.8090169943749473,
           -1,
           -0.8090169943749476,
           -0.30901699437494756,
           0.30901699437494723,
           0.8090169943749473,
           1,
           0.8090169943749481,
           0.30901699437494773,
           -0.3090169943749472,
           -0.8090169943749472,
           -1,
           -0.8090169943749477,
           -0.30901699437494784,
           0.309016994374947,
           0.8090169943749472
          ],
          [
           0.8090169943749475,
           1,
           0.8090169943749476,
           0.3090169943749475,
           -0.30901699437494723,
           -0.8090169943749473,
           -1.0000000000000002,
           -0.8090169943749476,
           -0.3090169943749476,
           0.3090169943749472,
           0.8090169943749473,
           1,
           0.8090169943749477,
           0.3090169943749478,
           -0.3090169943749472,
           -0.8090169943749472,
           -1,
           -0.8090169943749477,
           -0.3090169943749479,
           0.30901699437494706
          ],
          [
           0.3090169943749475,
           0.8090169943749476,
           1.0000000000000002,
           0.8090169943749476,
           0.30901699437494756,
           -0.3090169943749474,
           -0.8090169943749476,
           -1.0000000000000002,
           -0.8090169943749477,
           -0.3090169943749477,
           0.3090169943749473,
           0.8090169943749469,
           1.0000000000000002,
           0.8090169943749478,
           0.30901699437494773,
           -0.3090169943749472,
           -0.8090169943749473,
           -1.0000000000000002,
           -0.8090169943749478,
           -0.30901699437494784
          ],
          [
           -0.30901699437494734,
           0.3090169943749475,
           0.8090169943749476,
           1,
           0.8090169943749475,
           0.30901699437494745,
           -0.30901699437494745,
           -0.8090169943749475,
           -1,
           -0.8090169943749476,
           -0.30901699437494756,
           0.30901699437494645,
           0.8090169943749473,
           1.0000000000000002,
           0.8090169943749476,
           0.3090169943749477,
           -0.3090169943749472,
           -0.8090169943749472,
           -1,
           -0.8090169943749478
          ],
          [
           -0.8090169943749473,
           -0.30901699437494723,
           0.30901699437494756,
           0.8090169943749475,
           1,
           0.8090169943749475,
           0.3090169943749474,
           -0.3090169943749474,
           -0.8090169943749473,
           -1,
           -0.8090169943749475,
           -0.30901699437494834,
           0.3090169943749473,
           0.8090169943749475,
           1,
           0.8090169943749476,
           0.3090169943749477,
           -0.3090169943749471,
           -0.8090169943749472,
           -1.0000000000000002
          ],
          [
           -1,
           -0.8090169943749473,
           -0.3090169943749474,
           0.30901699437494745,
           0.8090169943749475,
           1,
           0.8090169943749475,
           0.30901699437494745,
           -0.30901699437494734,
           -0.8090169943749475,
           -1,
           -0.809016994374948,
           -0.3090169943749476,
           0.3090169943749473,
           0.8090169943749473,
           1,
           0.8090169943749476,
           0.30901699437494773,
           -0.3090169943749471,
           -0.8090169943749473
          ],
          [
           -0.8090169943749476,
           -1.0000000000000002,
           -0.8090169943749476,
           -0.30901699437494745,
           0.3090169943749474,
           0.8090169943749475,
           1.0000000000000002,
           0.8090169943749476,
           0.30901699437494756,
           -0.3090169943749473,
           -0.8090169943749475,
           -1.0000000000000002,
           -0.8090169943749477,
           -0.3090169943749477,
           0.3090169943749473,
           0.8090169943749473,
           1.0000000000000002,
           0.8090169943749477,
           0.30901699437494784,
           -0.3090169943749471
          ],
          [
           -0.30901699437494756,
           -0.8090169943749476,
           -1.0000000000000002,
           -0.8090169943749475,
           -0.3090169943749474,
           0.30901699437494745,
           0.8090169943749476,
           1,
           0.8090169943749475,
           0.3090169943749475,
           -0.30901699437494734,
           -0.8090169943749469,
           -1,
           -0.8090169943749477,
           -0.30901699437494756,
           0.30901699437494723,
           0.8090169943749472,
           1,
           0.8090169943749477,
           0.3090169943749478
          ],
          [
           0.30901699437494723,
           -0.3090169943749476,
           -0.8090169943749477,
           -1,
           -0.8090169943749473,
           -0.30901699437494734,
           0.30901699437494756,
           0.8090169943749475,
           1,
           0.8090169943749475,
           0.30901699437494745,
           -0.30901699437494656,
           -0.8090169943749475,
           -1.0000000000000002,
           -0.8090169943749475,
           -0.30901699437494756,
           0.30901699437494723,
           0.8090169943749472,
           1,
           0.8090169943749477
          ],
          [
           0.8090169943749473,
           0.3090169943749472,
           -0.3090169943749477,
           -0.8090169943749476,
           -1,
           -0.8090169943749475,
           -0.3090169943749473,
           0.3090169943749475,
           0.8090169943749475,
           1.0000000000000002,
           0.8090169943749475,
           0.3090169943749483,
           -0.3090169943749474,
           -0.8090169943749476,
           -1,
           -0.8090169943749476,
           -0.3090169943749476,
           0.30901699437494723,
           0.8090169943749473,
           1.0000000000000002
          ],
          [
           1,
           0.8090169943749473,
           0.3090169943749473,
           -0.30901699437494756,
           -0.8090169943749475,
           -1,
           -0.8090169943749475,
           -0.30901699437494734,
           0.30901699437494745,
           0.8090169943749475,
           1,
           0.809016994374948,
           0.3090169943749475,
           -0.3090169943749474,
           -0.8090169943749473,
           -1,
           -0.8090169943749476,
           -0.3090169943749476,
           0.30901699437494723,
           0.8090169943749473
          ],
          [
           0.8090169943749481,
           1,
           0.8090169943749469,
           0.30901699437494645,
           -0.30901699437494834,
           -0.809016994374948,
           -1.0000000000000002,
           -0.8090169943749469,
           -0.30901699437494656,
           0.3090169943749483,
           0.809016994374948,
           1,
           0.809016994374947,
           0.30901699437494673,
           -0.3090169943749483,
           -0.8090169943749479,
           -1,
           -0.809016994374947,
           -0.3090169943749468,
           0.3090169943749481
          ],
          [
           0.30901699437494773,
           0.8090169943749477,
           1.0000000000000002,
           0.8090169943749473,
           0.3090169943749473,
           -0.3090169943749476,
           -0.8090169943749477,
           -1,
           -0.8090169943749475,
           -0.3090169943749474,
           0.3090169943749475,
           0.809016994374947,
           1.0000000000000002,
           0.8090169943749476,
           0.30901699437494745,
           -0.3090169943749474,
           -0.8090169943749475,
           -1,
           -0.8090169943749476,
           -0.3090169943749476
          ],
          [
           -0.3090169943749472,
           0.3090169943749478,
           0.8090169943749478,
           1.0000000000000002,
           0.8090169943749475,
           0.3090169943749473,
           -0.3090169943749477,
           -0.8090169943749477,
           -1.0000000000000002,
           -0.8090169943749476,
           -0.3090169943749474,
           0.30901699437494673,
           0.8090169943749476,
           1.0000000000000002,
           0.8090169943749475,
           0.3090169943749475,
           -0.3090169943749474,
           -0.8090169943749475,
           -1.0000000000000002,
           -0.8090169943749477
          ],
          [
           -0.8090169943749472,
           -0.3090169943749472,
           0.30901699437494773,
           0.8090169943749476,
           1,
           0.8090169943749473,
           0.3090169943749473,
           -0.30901699437494756,
           -0.8090169943749475,
           -1,
           -0.8090169943749473,
           -0.3090169943749483,
           0.30901699437494745,
           0.8090169943749475,
           1,
           0.8090169943749475,
           0.3090169943749475,
           -0.3090169943749473,
           -0.8090169943749473,
           -1
          ],
          [
           -1,
           -0.8090169943749472,
           -0.3090169943749472,
           0.3090169943749477,
           0.8090169943749476,
           1,
           0.8090169943749473,
           0.30901699437494723,
           -0.30901699437494756,
           -0.8090169943749476,
           -1,
           -0.8090169943749479,
           -0.3090169943749474,
           0.3090169943749475,
           0.8090169943749475,
           1,
           0.8090169943749475,
           0.3090169943749475,
           -0.30901699437494734,
           -0.8090169943749475
          ],
          [
           -0.8090169943749477,
           -1,
           -0.8090169943749473,
           -0.3090169943749472,
           0.3090169943749477,
           0.8090169943749476,
           1.0000000000000002,
           0.8090169943749472,
           0.30901699437494723,
           -0.3090169943749476,
           -0.8090169943749476,
           -1,
           -0.8090169943749475,
           -0.3090169943749474,
           0.3090169943749475,
           0.8090169943749475,
           1,
           0.8090169943749475,
           0.30901699437494745,
           -0.3090169943749474
          ],
          [
           -0.30901699437494784,
           -0.8090169943749477,
           -1.0000000000000002,
           -0.8090169943749472,
           -0.3090169943749471,
           0.30901699437494773,
           0.8090169943749477,
           1,
           0.8090169943749472,
           0.30901699437494723,
           -0.3090169943749476,
           -0.809016994374947,
           -1,
           -0.8090169943749475,
           -0.3090169943749473,
           0.3090169943749475,
           0.8090169943749475,
           1,
           0.8090169943749475,
           0.3090169943749475
          ],
          [
           0.309016994374947,
           -0.3090169943749479,
           -0.8090169943749478,
           -1,
           -0.8090169943749472,
           -0.3090169943749471,
           0.30901699437494784,
           0.8090169943749477,
           1,
           0.8090169943749473,
           0.30901699437494723,
           -0.3090169943749468,
           -0.8090169943749476,
           -1.0000000000000002,
           -0.8090169943749473,
           -0.30901699437494734,
           0.30901699437494745,
           0.8090169943749475,
           1,
           0.8090169943749476
          ],
          [
           0.8090169943749472,
           0.30901699437494706,
           -0.30901699437494784,
           -0.8090169943749478,
           -1.0000000000000002,
           -0.8090169943749473,
           -0.3090169943749471,
           0.3090169943749478,
           0.8090169943749477,
           1.0000000000000002,
           0.8090169943749473,
           0.3090169943749481,
           -0.3090169943749476,
           -0.8090169943749477,
           -1,
           -0.8090169943749475,
           -0.3090169943749474,
           0.3090169943749475,
           0.8090169943749476,
           1.0000000000000002
          ]
         ]
        }
       ],
       "layout": {
        "coloraxis": {
         "colorscale": [
          [
           0,
           "#0d0887"
          ],
          [
           0.1111111111111111,
           "#46039f"
          ],
          [
           0.2222222222222222,
           "#7201a8"
          ],
          [
           0.3333333333333333,
           "#9c179e"
          ],
          [
           0.4444444444444444,
           "#bd3786"
          ],
          [
           0.5555555555555556,
           "#d8576b"
          ],
          [
           0.6666666666666666,
           "#ed7953"
          ],
          [
           0.7777777777777778,
           "#fb9f3a"
          ],
          [
           0.8888888888888888,
           "#fdca26"
          ],
          [
           1,
           "#f0f921"
          ]
         ]
        },
        "template": {
         "data": {
          "bar": [
           {
            "error_x": {
             "color": "#2a3f5f"
            },
            "error_y": {
             "color": "#2a3f5f"
            },
            "marker": {
             "line": {
              "color": "#E5ECF6",
              "width": 0.5
             },
             "pattern": {
              "fillmode": "overlay",
              "size": 10,
              "solidity": 0.2
             }
            },
            "type": "bar"
           }
          ],
          "barpolar": [
           {
            "marker": {
             "line": {
              "color": "#E5ECF6",
              "width": 0.5
             },
             "pattern": {
              "fillmode": "overlay",
              "size": 10,
              "solidity": 0.2
             }
            },
            "type": "barpolar"
           }
          ],
          "carpet": [
           {
            "aaxis": {
             "endlinecolor": "#2a3f5f",
             "gridcolor": "white",
             "linecolor": "white",
             "minorgridcolor": "white",
             "startlinecolor": "#2a3f5f"
            },
            "baxis": {
             "endlinecolor": "#2a3f5f",
             "gridcolor": "white",
             "linecolor": "white",
             "minorgridcolor": "white",
             "startlinecolor": "#2a3f5f"
            },
            "type": "carpet"
           }
          ],
          "choropleth": [
           {
            "colorbar": {
             "outlinewidth": 0,
             "ticks": ""
            },
            "type": "choropleth"
           }
          ],
          "contour": [
           {
            "colorbar": {
             "outlinewidth": 0,
             "ticks": ""
            },
            "colorscale": [
             [
              0,
              "#0d0887"
             ],
             [
              0.1111111111111111,
              "#46039f"
             ],
             [
              0.2222222222222222,
              "#7201a8"
             ],
             [
              0.3333333333333333,
              "#9c179e"
             ],
             [
              0.4444444444444444,
              "#bd3786"
             ],
             [
              0.5555555555555556,
              "#d8576b"
             ],
             [
              0.6666666666666666,
              "#ed7953"
             ],
             [
              0.7777777777777778,
              "#fb9f3a"
             ],
             [
              0.8888888888888888,
              "#fdca26"
             ],
             [
              1,
              "#f0f921"
             ]
            ],
            "type": "contour"
           }
          ],
          "contourcarpet": [
           {
            "colorbar": {
             "outlinewidth": 0,
             "ticks": ""
            },
            "type": "contourcarpet"
           }
          ],
          "heatmap": [
           {
            "colorbar": {
             "outlinewidth": 0,
             "ticks": ""
            },
            "colorscale": [
             [
              0,
              "#0d0887"
             ],
             [
              0.1111111111111111,
              "#46039f"
             ],
             [
              0.2222222222222222,
              "#7201a8"
             ],
             [
              0.3333333333333333,
              "#9c179e"
             ],
             [
              0.4444444444444444,
              "#bd3786"
             ],
             [
              0.5555555555555556,
              "#d8576b"
             ],
             [
              0.6666666666666666,
              "#ed7953"
             ],
             [
              0.7777777777777778,
              "#fb9f3a"
             ],
             [
              0.8888888888888888,
              "#fdca26"
             ],
             [
              1,
              "#f0f921"
             ]
            ],
            "type": "heatmap"
           }
          ],
          "heatmapgl": [
           {
            "colorbar": {
             "outlinewidth": 0,
             "ticks": ""
            },
            "colorscale": [
             [
              0,
              "#0d0887"
             ],
             [
              0.1111111111111111,
              "#46039f"
             ],
             [
              0.2222222222222222,
              "#7201a8"
             ],
             [
              0.3333333333333333,
              "#9c179e"
             ],
             [
              0.4444444444444444,
              "#bd3786"
             ],
             [
              0.5555555555555556,
              "#d8576b"
             ],
             [
              0.6666666666666666,
              "#ed7953"
             ],
             [
              0.7777777777777778,
              "#fb9f3a"
             ],
             [
              0.8888888888888888,
              "#fdca26"
             ],
             [
              1,
              "#f0f921"
             ]
            ],
            "type": "heatmapgl"
           }
          ],
          "histogram": [
           {
            "marker": {
             "pattern": {
              "fillmode": "overlay",
              "size": 10,
              "solidity": 0.2
             }
            },
            "type": "histogram"
           }
          ],
          "histogram2d": [
           {
            "colorbar": {
             "outlinewidth": 0,
             "ticks": ""
            },
            "colorscale": [
             [
              0,
              "#0d0887"
             ],
             [
              0.1111111111111111,
              "#46039f"
             ],
             [
              0.2222222222222222,
              "#7201a8"
             ],
             [
              0.3333333333333333,
              "#9c179e"
             ],
             [
              0.4444444444444444,
              "#bd3786"
             ],
             [
              0.5555555555555556,
              "#d8576b"
             ],
             [
              0.6666666666666666,
              "#ed7953"
             ],
             [
              0.7777777777777778,
              "#fb9f3a"
             ],
             [
              0.8888888888888888,
              "#fdca26"
             ],
             [
              1,
              "#f0f921"
             ]
            ],
            "type": "histogram2d"
           }
          ],
          "histogram2dcontour": [
           {
            "colorbar": {
             "outlinewidth": 0,
             "ticks": ""
            },
            "colorscale": [
             [
              0,
              "#0d0887"
             ],
             [
              0.1111111111111111,
              "#46039f"
             ],
             [
              0.2222222222222222,
              "#7201a8"
             ],
             [
              0.3333333333333333,
              "#9c179e"
             ],
             [
              0.4444444444444444,
              "#bd3786"
             ],
             [
              0.5555555555555556,
              "#d8576b"
             ],
             [
              0.6666666666666666,
              "#ed7953"
             ],
             [
              0.7777777777777778,
              "#fb9f3a"
             ],
             [
              0.8888888888888888,
              "#fdca26"
             ],
             [
              1,
              "#f0f921"
             ]
            ],
            "type": "histogram2dcontour"
           }
          ],
          "mesh3d": [
           {
            "colorbar": {
             "outlinewidth": 0,
             "ticks": ""
            },
            "type": "mesh3d"
           }
          ],
          "parcoords": [
           {
            "line": {
             "colorbar": {
              "outlinewidth": 0,
              "ticks": ""
             }
            },
            "type": "parcoords"
           }
          ],
          "pie": [
           {
            "automargin": true,
            "type": "pie"
           }
          ],
          "scatter": [
           {
            "fillpattern": {
             "fillmode": "overlay",
             "size": 10,
             "solidity": 0.2
            },
            "type": "scatter"
           }
          ],
          "scatter3d": [
           {
            "line": {
             "colorbar": {
              "outlinewidth": 0,
              "ticks": ""
             }
            },
            "marker": {
             "colorbar": {
              "outlinewidth": 0,
              "ticks": ""
             }
            },
            "type": "scatter3d"
           }
          ],
          "scattercarpet": [
           {
            "marker": {
             "colorbar": {
              "outlinewidth": 0,
              "ticks": ""
             }
            },
            "type": "scattercarpet"
           }
          ],
          "scattergeo": [
           {
            "marker": {
             "colorbar": {
              "outlinewidth": 0,
              "ticks": ""
             }
            },
            "type": "scattergeo"
           }
          ],
          "scattergl": [
           {
            "marker": {
             "colorbar": {
              "outlinewidth": 0,
              "ticks": ""
             }
            },
            "type": "scattergl"
           }
          ],
          "scattermapbox": [
           {
            "marker": {
             "colorbar": {
              "outlinewidth": 0,
              "ticks": ""
             }
            },
            "type": "scattermapbox"
           }
          ],
          "scatterpolar": [
           {
            "marker": {
             "colorbar": {
              "outlinewidth": 0,
              "ticks": ""
             }
            },
            "type": "scatterpolar"
           }
          ],
          "scatterpolargl": [
           {
            "marker": {
             "colorbar": {
              "outlinewidth": 0,
              "ticks": ""
             }
            },
            "type": "scatterpolargl"
           }
          ],
          "scatterternary": [
           {
            "marker": {
             "colorbar": {
              "outlinewidth": 0,
              "ticks": ""
             }
            },
            "type": "scatterternary"
           }
          ],
          "surface": [
           {
            "colorbar": {
             "outlinewidth": 0,
             "ticks": ""
            },
            "colorscale": [
             [
              0,
              "#0d0887"
             ],
             [
              0.1111111111111111,
              "#46039f"
             ],
             [
              0.2222222222222222,
              "#7201a8"
             ],
             [
              0.3333333333333333,
              "#9c179e"
             ],
             [
              0.4444444444444444,
              "#bd3786"
             ],
             [
              0.5555555555555556,
              "#d8576b"
             ],
             [
              0.6666666666666666,
              "#ed7953"
             ],
             [
              0.7777777777777778,
              "#fb9f3a"
             ],
             [
              0.8888888888888888,
              "#fdca26"
             ],
             [
              1,
              "#f0f921"
             ]
            ],
            "type": "surface"
           }
          ],
          "table": [
           {
            "cells": {
             "fill": {
              "color": "#EBF0F8"
             },
             "line": {
              "color": "white"
             }
            },
            "header": {
             "fill": {
              "color": "#C8D4E3"
             },
             "line": {
              "color": "white"
             }
            },
            "type": "table"
           }
          ]
         },
         "layout": {
          "annotationdefaults": {
           "arrowcolor": "#2a3f5f",
           "arrowhead": 0,
           "arrowwidth": 1
          },
          "autotypenumbers": "strict",
          "coloraxis": {
           "colorbar": {
            "outlinewidth": 0,
            "ticks": ""
           }
          },
          "colorscale": {
           "diverging": [
            [
             0,
             "#8e0152"
            ],
            [
             0.1,
             "#c51b7d"
            ],
            [
             0.2,
             "#de77ae"
            ],
            [
             0.3,
             "#f1b6da"
            ],
            [
             0.4,
             "#fde0ef"
            ],
            [
             0.5,
             "#f7f7f7"
            ],
            [
             0.6,
             "#e6f5d0"
            ],
            [
             0.7,
             "#b8e186"
            ],
            [
             0.8,
             "#7fbc41"
            ],
            [
             0.9,
             "#4d9221"
            ],
            [
             1,
             "#276419"
            ]
           ],
           "sequential": [
            [
             0,
             "#0d0887"
            ],
            [
             0.1111111111111111,
             "#46039f"
            ],
            [
             0.2222222222222222,
             "#7201a8"
            ],
            [
             0.3333333333333333,
             "#9c179e"
            ],
            [
             0.4444444444444444,
             "#bd3786"
            ],
            [
             0.5555555555555556,
             "#d8576b"
            ],
            [
             0.6666666666666666,
             "#ed7953"
            ],
            [
             0.7777777777777778,
             "#fb9f3a"
            ],
            [
             0.8888888888888888,
             "#fdca26"
            ],
            [
             1,
             "#f0f921"
            ]
           ],
           "sequentialminus": [
            [
             0,
             "#0d0887"
            ],
            [
             0.1111111111111111,
             "#46039f"
            ],
            [
             0.2222222222222222,
             "#7201a8"
            ],
            [
             0.3333333333333333,
             "#9c179e"
            ],
            [
             0.4444444444444444,
             "#bd3786"
            ],
            [
             0.5555555555555556,
             "#d8576b"
            ],
            [
             0.6666666666666666,
             "#ed7953"
            ],
            [
             0.7777777777777778,
             "#fb9f3a"
            ],
            [
             0.8888888888888888,
             "#fdca26"
            ],
            [
             1,
             "#f0f921"
            ]
           ]
          },
          "colorway": [
           "#636efa",
           "#EF553B",
           "#00cc96",
           "#ab63fa",
           "#FFA15A",
           "#19d3f3",
           "#FF6692",
           "#B6E880",
           "#FF97FF",
           "#FECB52"
          ],
          "font": {
           "color": "#2a3f5f"
          },
          "geo": {
           "bgcolor": "white",
           "lakecolor": "white",
           "landcolor": "#E5ECF6",
           "showlakes": true,
           "showland": true,
           "subunitcolor": "white"
          },
          "hoverlabel": {
           "align": "left"
          },
          "hovermode": "closest",
          "mapbox": {
           "style": "light"
          },
          "paper_bgcolor": "white",
          "plot_bgcolor": "#E5ECF6",
          "polar": {
           "angularaxis": {
            "gridcolor": "white",
            "linecolor": "white",
            "ticks": ""
           },
           "bgcolor": "#E5ECF6",
           "radialaxis": {
            "gridcolor": "white",
