{
 "cells": [
  {
   "cell_type": "markdown",
   "metadata": {},
   "source": [
    "# Setup"
   ]
  },
  {
   "cell_type": "code",
   "execution_count": 1,
   "metadata": {},
   "outputs": [
    {
     "name": "stdout",
     "output_type": "stream",
     "text": [
      "Loading data...\n"
     ]
    },
    {
     "name": "stderr",
     "output_type": "stream",
     "text": [
      "Loading data: 100000it [00:02, 42070.47it/s]\n",
      "Loading data: 10000it [00:00, 87292.95it/s]\n",
      "Loading data: 5000it [00:00, 36882.99it/s]\n"
     ]
    }
   ],
   "source": [
    "import torch.optim as optim\n",
    "import torch.nn.functional as F\n",
    "from torch.optim.lr_scheduler import ReduceLROnPlateau\n",
    "import wandb\n",
    "from utilities import *\n",
    "from config import *\n",
    "from dataloading import *\n",
    "from tqdm import tqdm\n",
    "from transformer import *\n",
    "import os"
   ]
  },
  {
   "cell_type": "code",
   "execution_count": 3,
   "metadata": {},
   "outputs": [
    {
     "data": {
      "text/plain": [
       "True"
      ]
     },
     "execution_count": 3,
     "metadata": {},
     "output_type": "execute_result"
    }
   ],
   "source": [
    "# setup the model\n",
    "model = BigramLanguageModel()\n",
    "\n",
    "# cuda? (gpu)\n",
    "if torch.cuda.is_available():\n",
    "  device = \"cuda:0\"\n",
    "else:\n",
    "  device = \"cpu\"\n",
    "  \n",
    "# send to gpu (maybe)\n",
    "model = nn.DataParallel(model)\n",
    "model = model.to(device)\n",
    "\n",
    "# optionally: load the model\n",
    "filename = PATH + \"/model/\" + MODELNAME + \".pth\"\n",
    "if os.path.isfile(filename):\n",
    "    model.load_state_dict(torch.load(filename, map_location=torch.device(device)))\n",
    "\n",
    "os.path.isfile(filename)"
   ]
  },
  {
   "cell_type": "code",
   "execution_count": 4,
   "metadata": {},
   "outputs": [
    {
     "name": "stdout",
     "output_type": "stream",
     "text": [
      "/Users/midataur/Documents/github/permutations/scaling-generator\n"
     ]
    }
   ],
   "source": [
    "!pwd"
   ]
  },
  {
   "cell_type": "code",
   "execution_count": 5,
   "metadata": {},
   "outputs": [
    {
     "data": {
      "text/plain": [
       "tensor([1.4373, 1.7087, 3.0711, 1.6072, 1.3768, 1.6005, 1.8965, 3.6222, 1.4991,\n",
       "        1.3836, 1.1925, 1.7763, 3.0512, 1.2602, 1.7053, 1.1857, 1.7943, 3.0573,\n",
       "        1.2169, 1.3917, 1.2007, 1.4680, 3.0223, 1.5739, 2.1504, 1.0557, 1.4136,\n",
       "        3.0209, 1.4963, 1.3928, 1.1103, 1.4799, 3.0290, 1.4532, 1.3874, 1.2438,\n",
       "        1.4193, 3.0962, 1.4477, 1.3899, 1.1333, 1.6687, 3.3599, 1.3531, 1.6604,\n",
       "        1.3165, 1.7076, 3.1032, 1.3607, 1.3820, 1.2134, 1.1081, 3.4252, 1.6753,\n",
       "        1.3844, 1.1489, 1.1815, 3.5950, 1.6513, 1.3891, 1.1093, 1.5022, 3.5008,\n",
       "        1.6764, 1.7086, 1.2641, 1.3932, 3.6701, 1.6443, 1.3781, 1.2451, 1.5854,\n",
       "        2.8688, 1.5941, 1.9436, 1.4033, 1.4786, 2.8131, 1.5841, 1.3844, 1.2848,\n",
       "        1.7271, 2.9532, 1.6822, 1.3795, 1.1694, 1.6557, 2.7654, 1.6950, 1.3807,\n",
       "        0.8279, 1.5053, 2.6616, 1.9581, 1.3691, 0.9912, 1.5381, 2.6938, 2.0077,\n",
       "        1.3911, 1.0491, 1.5438, 1.6787, 1.4692, 1.1431, 1.1352, 1.7485, 1.4191,\n",
       "        1.5212, 1.9603, 1.8416, 1.8083, 1.4400, 1.1460, 2.7788, 1.6738, 2.5793,\n",
       "        3.7209], grad_fn=<LinalgVectorNormBackward0>)"
      ]
     },
     "execution_count": 5,
     "metadata": {},
     "output_type": "execute_result"
    }
   ],
   "source": [
    "torch.norm(model.module.position_embedding(torch.arange(block_size)), dim=1)"
   ]
  },
  {
   "cell_type": "code",
   "execution_count": 6,
   "metadata": {},
   "outputs": [
    {
     "data": {
      "text/plain": [
       "100"
      ]
     },
     "execution_count": 6,
     "metadata": {},
     "output_type": "execute_result"
    }
   ],
   "source": [
    "INPUT_LENGTH"
   ]
  },
  {
   "cell_type": "code",
   "execution_count": 4,
   "metadata": {},
   "outputs": [
    {
     "data": {
      "application/vnd.plotly.v1+json": {
       "config": {
        "plotlyServerURL": "https://plot.ly"
       },
       "data": [
        {
         "coloraxis": "coloraxis",
         "hovertemplate": "x: %{x}<br>y: %{y}<br>color: %{z}<extra></extra>",
         "name": "0",
         "type": "heatmap",
         "xaxis": "x",
         "yaxis": "y",
         "z": [
          [
           1,
           0.8090169943749475,
           0.3090169943749475,
           -0.30901699437494734,
           -0.8090169943749473,
           -1,
           -0.8090169943749476,
           -0.30901699437494756,
           0.30901699437494723,
           0.8090169943749473,
           1,
           0.8090169943749481,
           0.30901699437494773,
           -0.3090169943749472,
           -0.8090169943749472,
           -1,
           -0.8090169943749477,
           -0.3090169943749479,
           0.309016994374947,
           0.8090169943749472
          ],
          [
           0.8090169943749475,
           1,
           0.8090169943749476,
           0.3090169943749475,
           -0.30901699437494723,
           -0.8090169943749473,
           -1.0000000000000002,
           -0.8090169943749476,
           -0.30901699437494756,
           0.3090169943749472,
           0.8090169943749473,
           1,
           0.8090169943749477,
           0.30901699437494773,
           -0.3090169943749472,
           -0.8090169943749472,
           -1,
           -0.8090169943749478,
           -0.3090169943749479,
           0.30901699437494706
          ],
          [
           0.3090169943749475,
           0.8090169943749476,
           1.0000000000000002,
           0.8090169943749476,
           0.3090169943749476,
           -0.3090169943749474,
           -0.8090169943749477,
           -1.0000000000000002,
           -0.8090169943749476,
           -0.30901699437494773,
           0.3090169943749473,
           0.8090169943749469,
           1.0000000000000002,
           0.8090169943749478,
           0.30901699437494773,
           -0.3090169943749472,
           -0.8090169943749473,
           -1.0000000000000002,
           -0.8090169943749478,
           -0.30901699437494784
          ],
          [
           -0.30901699437494734,
           0.3090169943749475,
           0.8090169943749476,
           1,
           0.8090169943749475,
           0.30901699437494745,
           -0.30901699437494745,
           -0.8090169943749475,
           -1,
           -0.8090169943749476,
           -0.30901699437494756,
           0.3090169943749465,
           0.8090169943749473,
           1.0000000000000002,
           0.8090169943749476,
           0.3090169943749477,
           -0.3090169943749471,
           -0.8090169943749473,
           -1,
           -0.8090169943749478
          ],
          [
           -0.8090169943749473,
           -0.30901699437494723,
           0.3090169943749476,
           0.8090169943749475,
           1,
           0.8090169943749475,
           0.3090169943749474,
           -0.30901699437494745,
           -0.8090169943749473,
           -1,
           -0.8090169943749475,
           -0.30901699437494834,
           0.30901699437494734,
           0.8090169943749473,
           1,
           0.8090169943749476,
           0.3090169943749477,
           -0.3090169943749472,
           -0.8090169943749473,
           -1.0000000000000002
          ],
          [
           -1,
           -0.8090169943749473,
           -0.3090169943749474,
           0.30901699437494745,
           0.8090169943749475,
           1,
           0.8090169943749475,
           0.30901699437494745,
           -0.30901699437494734,
           -0.8090169943749475,
           -1,
           -0.809016994374948,
           -0.3090169943749476,
           0.3090169943749473,
           0.8090169943749473,
           1,
           0.8090169943749476,
           0.3090169943749478,
           -0.3090169943749471,
           -0.8090169943749473
          ],
          [
           -0.8090169943749476,
           -1.0000000000000002,
           -0.8090169943749477,
           -0.30901699437494745,
           0.3090169943749474,
           0.8090169943749475,
           1.0000000000000002,
           0.8090169943749476,
           0.3090169943749475,
           -0.3090169943749473,
           -0.8090169943749475,
           -1.0000000000000002,
           -0.8090169943749478,
           -0.3090169943749476,
           0.3090169943749473,
           0.8090169943749473,
           1.0000000000000002,
           0.8090169943749478,
           0.30901699437494784,
           -0.3090169943749471
          ],
          [
           -0.30901699437494756,
           -0.8090169943749476,
           -1.0000000000000002,
           -0.8090169943749475,
           -0.30901699437494745,
           0.30901699437494745,
           0.8090169943749476,
           1,
           0.8090169943749475,
           0.30901699437494756,
           -0.30901699437494734,
           -0.8090169943749469,
           -1,
           -0.8090169943749476,
           -0.3090169943749476,
           0.30901699437494723,
           0.8090169943749472,
           1.0000000000000002,
           0.8090169943749477,
           0.30901699437494773
          ],
          [
           0.30901699437494723,
           -0.30901699437494756,
           -0.8090169943749476,
           -1,
           -0.8090169943749473,
           -0.30901699437494734,
           0.3090169943749475,
           0.8090169943749475,
           1,
           0.8090169943749475,
           0.30901699437494745,
           -0.3090169943749466,
           -0.8090169943749475,
           -1.0000000000000002,
           -0.8090169943749475,
           -0.30901699437494756,
           0.30901699437494723,
           0.8090169943749473,
           1,
           0.8090169943749477
          ],
          [
           0.8090169943749473,
           0.3090169943749472,
           -0.30901699437494773,
           -0.8090169943749476,
           -1,
           -0.8090169943749475,
           -0.3090169943749473,
           0.30901699437494756,
           0.8090169943749475,
           1.0000000000000002,
           0.8090169943749475,
           0.3090169943749483,
           -0.30901699437494745,
           -0.8090169943749476,
           -1,
           -0.8090169943749476,
           -0.3090169943749476,
           0.3090169943749473,
           0.8090169943749475,
           1.0000000000000002
          ],
          [
           1,
           0.8090169943749473,
           0.3090169943749473,
           -0.30901699437494756,
           -0.8090169943749475,
           -1,
           -0.8090169943749475,
           -0.30901699437494734,
           0.30901699437494745,
           0.8090169943749475,
           1,
           0.809016994374948,
           0.3090169943749475,
           -0.3090169943749474,
           -0.8090169943749473,
           -1,
           -0.8090169943749476,
           -0.3090169943749477,
           0.30901699437494723,
           0.8090169943749473
          ],
          [
           0.8090169943749481,
           1,
           0.8090169943749469,
           0.3090169943749465,
           -0.30901699437494834,
           -0.809016994374948,
           -1.0000000000000002,
           -0.8090169943749469,
           -0.3090169943749466,
           0.3090169943749483,
           0.809016994374948,
           1,
           0.809016994374947,
           0.30901699437494673,
           -0.3090169943749483,
           -0.8090169943749479,
           -1,
           -0.8090169943749471,
           -0.3090169943749468,
           0.3090169943749481
          ],
          [
           0.30901699437494773,
           0.8090169943749477,
           1.0000000000000002,
           0.8090169943749473,
           0.30901699437494734,
           -0.3090169943749476,
           -0.8090169943749478,
           -1,
           -0.8090169943749475,
           -0.30901699437494745,
           0.3090169943749475,
           0.809016994374947,
           1,
           0.8090169943749476,
           0.3090169943749475,
           -0.3090169943749474,
           -0.8090169943749475,
           -1.0000000000000002,
           -0.8090169943749476,
           -0.30901699437494756
          ],
          [
           -0.3090169943749472,
           0.30901699437494773,
           0.8090169943749478,
           1.0000000000000002,
           0.8090169943749473,
           0.3090169943749473,
           -0.3090169943749476,
           -0.8090169943749476,
           -1.0000000000000002,
           -0.8090169943749476,
           -0.3090169943749474,
           0.30901699437494673,
           0.8090169943749476,
           1.0000000000000002,
           0.8090169943749475,
           0.3090169943749475,
           -0.30901699437494734,
           -0.8090169943749476,
           -1.0000000000000002,
           -0.8090169943749477
          ],
          [
           -0.8090169943749472,
           -0.3090169943749472,
           0.30901699437494773,
           0.8090169943749476,
           1,
           0.8090169943749473,
           0.3090169943749473,
           -0.3090169943749476,
           -0.8090169943749475,
           -1,
           -0.8090169943749473,
           -0.3090169943749483,
           0.3090169943749475,
           0.8090169943749475,
           1,
           0.8090169943749475,
           0.3090169943749475,
           -0.30901699437494734,
           -0.8090169943749475,
           -1
          ],
          [
           -1,
           -0.8090169943749472,
           -0.3090169943749472,
           0.3090169943749477,
           0.8090169943749476,
           1,
           0.8090169943749473,
           0.30901699437494723,
           -0.30901699437494756,
           -0.8090169943749476,
           -1,
           -0.8090169943749479,
           -0.3090169943749474,
           0.3090169943749475,
           0.8090169943749475,
           1,
           0.8090169943749475,
           0.30901699437494756,
           -0.30901699437494734,
           -0.8090169943749475
          ],
          [
           -0.8090169943749477,
           -1,
           -0.8090169943749473,
           -0.3090169943749471,
           0.3090169943749477,
           0.8090169943749476,
           1.0000000000000002,
           0.8090169943749472,
           0.30901699437494723,
           -0.3090169943749476,
           -0.8090169943749476,
           -1,
           -0.8090169943749475,
           -0.30901699437494734,
           0.3090169943749475,
           0.8090169943749475,
           1,
           0.8090169943749476,
           0.30901699437494745,
           -0.3090169943749474
          ],
          [
           -0.3090169943749479,
           -0.8090169943749478,
           -1.0000000000000002,
           -0.8090169943749473,
           -0.3090169943749472,
           0.3090169943749478,
           0.8090169943749478,
           1.0000000000000002,
           0.8090169943749473,
           0.3090169943749473,
           -0.3090169943749477,
           -0.8090169943749471,
           -1.0000000000000002,
           -0.8090169943749476,
           -0.30901699437494734,
           0.30901699437494756,
           0.8090169943749476,
           1.0000000000000002,
           0.8090169943749476,
           0.3090169943749475
          ],
          [
           0.309016994374947,
           -0.3090169943749479,
           -0.8090169943749478,
           -1,
           -0.8090169943749473,
           -0.3090169943749471,
           0.30901699437494784,
           0.8090169943749477,
           1,
           0.8090169943749475,
           0.30901699437494723,
           -0.3090169943749468,
           -0.8090169943749476,
           -1.0000000000000002,
           -0.8090169943749475,
           -0.30901699437494734,
           0.30901699437494745,
           0.8090169943749476,
           1,
           0.8090169943749476
          ],
          [
           0.8090169943749472,
           0.30901699437494706,
           -0.30901699437494784,
           -0.8090169943749478,
           -1.0000000000000002,
           -0.8090169943749473,
           -0.3090169943749471,
           0.30901699437494773,
           0.8090169943749477,
           1.0000000000000002,
           0.8090169943749473,
           0.3090169943749481,
           -0.30901699437494756,
           -0.8090169943749477,
           -1,
           -0.8090169943749475,
           -0.3090169943749474,
           0.3090169943749475,
           0.8090169943749476,
           1
          ]
         ]
        }
       ],
       "layout": {
        "coloraxis": {
         "colorscale": [
          [
           0,
           "#0d0887"
          ],
          [
           0.1111111111111111,
           "#46039f"
          ],
          [
           0.2222222222222222,
           "#7201a8"
          ],
          [
           0.3333333333333333,
           "#9c179e"
          ],
          [
           0.4444444444444444,
           "#bd3786"
          ],
          [
           0.5555555555555556,
           "#d8576b"
          ],
          [
           0.6666666666666666,
           "#ed7953"
          ],
          [
           0.7777777777777778,
           "#fb9f3a"
          ],
          [
           0.8888888888888888,
           "#fdca26"
          ],
          [
           1,
           "#f0f921"
          ]
         ]
        },
        "template": {
         "data": {
          "bar": [
           {
            "error_x": {
             "color": "#2a3f5f"
            },
            "error_y": {
             "color": "#2a3f5f"
            },
            "marker": {
             "line": {
              "color": "#E5ECF6",
              "width": 0.5
             },
             "pattern": {
              "fillmode": "overlay",
              "size": 10,
              "solidity": 0.2
             }
            },
            "type": "bar"
           }
          ],
          "barpolar": [
           {
            "marker": {
             "line": {
              "color": "#E5ECF6",
              "width": 0.5
             },
             "pattern": {
              "fillmode": "overlay",
              "size": 10,
              "solidity": 0.2
             }
            },
            "type": "barpolar"
           }
          ],
          "carpet": [
           {
            "aaxis": {
             "endlinecolor": "#2a3f5f",
             "gridcolor": "white",
             "linecolor": "white",
             "minorgridcolor": "white",
             "startlinecolor": "#2a3f5f"
            },
            "baxis": {
             "endlinecolor": "#2a3f5f",
             "gridcolor": "white",
             "linecolor": "white",
             "minorgridcolor": "white",
             "startlinecolor": "#2a3f5f"
            },
            "type": "carpet"
           }
          ],
          "choropleth": [
           {
            "colorbar": {
             "outlinewidth": 0,
             "ticks": ""
            },
            "type": "choropleth"
           }
          ],
          "contour": [
           {
            "colorbar": {
             "outlinewidth": 0,
             "ticks": ""
            },
            "colorscale": [
             [
              0,
              "#0d0887"
             ],
             [
              0.1111111111111111,
              "#46039f"
             ],
             [
              0.2222222222222222,
              "#7201a8"
             ],
             [
              0.3333333333333333,
              "#9c179e"
             ],
             [
              0.4444444444444444,
              "#bd3786"
             ],
             [
              0.5555555555555556,
              "#d8576b"
             ],
             [
              0.6666666666666666,
              "#ed7953"
             ],
             [
              0.7777777777777778,
              "#fb9f3a"
             ],
             [
              0.8888888888888888,
              "#fdca26"
             ],
             [
              1,
              "#f0f921"
             ]
            ],
            "type": "contour"
           }
          ],
          "contourcarpet": [
           {
            "colorbar": {
             "outlinewidth": 0,
             "ticks": ""
            },
            "type": "contourcarpet"
           }
          ],
          "heatmap": [
           {
            "colorbar": {
             "outlinewidth": 0,
             "ticks": ""
            },
            "colorscale": [
             [
              0,
              "#0d0887"
             ],
             [
              0.1111111111111111,
              "#46039f"
             ],
             [
              0.2222222222222222,
              "#7201a8"
             ],
             [
              0.3333333333333333,
              "#9c179e"
             ],
             [
              0.4444444444444444,
              "#bd3786"
             ],
             [
              0.5555555555555556,
              "#d8576b"
             ],
             [
              0.6666666666666666,
              "#ed7953"
             ],
             [
              0.7777777777777778,
              "#fb9f3a"
             ],
             [
              0.8888888888888888,
              "#fdca26"
             ],
             [
              1,
              "#f0f921"
             ]
            ],
            "type": "heatmap"
           }
          ],
          "heatmapgl": [
           {
            "colorbar": {
             "outlinewidth": 0,
             "ticks": ""
            },
            "colorscale": [
             [
              0,
              "#0d0887"
             ],
             [
              0.1111111111111111,
              "#46039f"
             ],
             [
              0.2222222222222222,
              "#7201a8"
             ],
             [
              0.3333333333333333,
              "#9c179e"
             ],
             [
              0.4444444444444444,
              "#bd3786"
             ],
             [
              0.5555555555555556,
              "#d8576b"
             ],
             [
              0.6666666666666666,
              "#ed7953"
             ],
             [
              0.7777777777777778,
              "#fb9f3a"
             ],
             [
              0.8888888888888888,
              "#fdca26"
             ],
             [
              1,
              "#f0f921"
             ]
            ],
            "type": "heatmapgl"
           }
          ],
          "histogram": [
           {
            "marker": {
             "pattern": {
              "fillmode": "overlay",
              "size": 10,
              "solidity": 0.2
             }
            },
            "type": "histogram"
           }
          ],
          "histogram2d": [
           {
            "colorbar": {
             "outlinewidth": 0,
             "ticks": ""
            },
            "colorscale": [
             [
              0,
              "#0d0887"
             ],
             [
              0.1111111111111111,
              "#46039f"
             ],
             [
              0.2222222222222222,
              "#7201a8"
             ],
             [
              0.3333333333333333,
              "#9c179e"
             ],
             [
              0.4444444444444444,
              "#bd3786"
             ],
             [
              0.5555555555555556,
              "#d8576b"
             ],
             [
              0.6666666666666666,
              "#ed7953"
             ],
             [
              0.7777777777777778,
              "#fb9f3a"
             ],
             [
              0.8888888888888888,
              "#fdca26"
             ],
             [
              1,
              "#f0f921"
             ]
            ],
            "type": "histogram2d"
           }
          ],
          "histogram2dcontour": [
           {
            "colorbar": {
             "outlinewidth": 0,
             "ticks": ""
            },
            "colorscale": [
             [
              0,
              "#0d0887"
             ],
             [
              0.1111111111111111,
              "#46039f"
             ],
             [
              0.2222222222222222,
              "#7201a8"
             ],
             [
              0.3333333333333333,
              "#9c179e"
             ],
             [
              0.4444444444444444,
              "#bd3786"
             ],
             [
              0.5555555555555556,
              "#d8576b"
             ],
             [
              0.6666666666666666,
              "#ed7953"
             ],
             [
              0.7777777777777778,
              "#fb9f3a"
             ],
             [
              0.8888888888888888,
              "#fdca26"
             ],
             [
              1,
              "#f0f921"
             ]
            ],
            "type": "histogram2dcontour"
           }
          ],
          "mesh3d": [
           {
            "colorbar": {
             "outlinewidth": 0,
             "ticks": ""
            },
            "type": "mesh3d"
           }
          ],
          "parcoords": [
           {
            "line": {
             "colorbar": {
              "outlinewidth": 0,
              "ticks": ""
             }
            },
            "type": "parcoords"
           }
          ],
          "pie": [
           {
            "automargin": true,
            "type": "pie"
           }
          ],
          "scatter": [
           {
            "fillpattern": {
             "fillmode": "overlay",
             "size": 10,
             "solidity": 0.2
            },
            "type": "scatter"
           }
          ],
          "scatter3d": [
           {
            "line": {
             "colorbar": {
              "outlinewidth": 0,
              "ticks": ""
             }
            },
            "marker": {
             "colorbar": {
              "outlinewidth": 0,
              "ticks": ""
             }
            },
            "type": "scatter3d"
           }
          ],
          "scattercarpet": [
           {
            "marker": {
             "colorbar": {
              "outlinewidth": 0,
              "ticks": ""
             }
            },
            "type": "scattercarpet"
           }
          ],
          "scattergeo": [
           {
            "marker": {
             "colorbar": {
              "outlinewidth": 0,
              "ticks": ""
             }
            },
            "type": "scattergeo"
           }
          ],
          "scattergl": [
           {
            "marker": {
             "colorbar": {
              "outlinewidth": 0,
              "ticks": ""
             }
            },
            "type": "scattergl"
           }
          ],
          "scattermapbox": [
           {
            "marker": {
             "colorbar": {
              "outlinewidth": 0,
              "ticks": ""
             }
            },
            "type": "scattermapbox"
           }
          ],
          "scatterpolar": [
           {
            "marker": {
             "colorbar": {
              "outlinewidth": 0,
              "ticks": ""
             }
            },
            "type": "scatterpolar"
           }
          ],
          "scatterpolargl": [
           {
            "marker": {
             "colorbar": {
              "outlinewidth": 0,
              "ticks": ""
             }
            },
            "type": "scatterpolargl"
           }
          ],
          "scatterternary": [
           {
            "marker": {
             "colorbar": {
              "outlinewidth": 0,
              "ticks": ""
             }
            },
            "type": "scatterternary"
           }
          ],
          "surface": [
           {
            "colorbar": {
             "outlinewidth": 0,
             "ticks": ""
            },
            "colorscale": [
             [
              0,
              "#0d0887"
             ],
             [
              0.1111111111111111,
              "#46039f"
             ],
             [
              0.2222222222222222,
              "#7201a8"
             ],
             [
              0.3333333333333333,
              "#9c179e"
             ],
             [
              0.4444444444444444,
              "#bd3786"
             ],
             [
              0.5555555555555556,
              "#d8576b"
             ],
             [
              0.6666666666666666,
              "#ed7953"
             ],
             [
              0.7777777777777778,
              "#fb9f3a"
             ],
             [
              0.8888888888888888,
              "#fdca26"
             ],
             [
              1,
              "#f0f921"
             ]
            ],
            "type": "surface"
           }
          ],
          "table": [
           {
            "cells": {
             "fill": {
              "color": "#EBF0F8"
             },
             "line": {
              "color": "white"
             }
            },
            "header": {
             "fill": {
              "color": "#C8D4E3"
             },
             "line": {
              "color": "white"
             }
            },
            "type": "table"
           }
          ]
         },
         "layout": {
          "annotationdefaults": {
           "arrowcolor": "#2a3f5f",
           "arrowhead": 0,
           "arrowwidth": 1
          },
          "autotypenumbers": "strict",
          "coloraxis": {
           "colorbar": {
            "outlinewidth": 0,
            "ticks": ""
           }
          },
          "colorscale": {
           "diverging": [
            [
             0,
             "#8e0152"
            ],
            [
             0.1,
             "#c51b7d"
            ],
            [
             0.2,
             "#de77ae"
            ],
            [
             0.3,
             "#f1b6da"
            ],
            [
             0.4,
             "#fde0ef"
            ],
            [
             0.5,
             "#f7f7f7"
            ],
            [
             0.6,
             "#e6f5d0"
            ],
            [
             0.7,
             "#b8e186"
            ],
            [
             0.8,
             "#7fbc41"
            ],
            [
             0.9,
             "#4d9221"
            ],
            [
             1,
             "#276419"
            ]
           ],
           "sequential": [
            [
             0,
             "#0d0887"
            ],
            [
             0.1111111111111111,
             "#46039f"
            ],
            [
             0.2222222222222222,
             "#7201a8"
            ],
            [
             0.3333333333333333,
             "#9c179e"
            ],
            [
             0.4444444444444444,
             "#bd3786"
            ],
            [
             0.5555555555555556,
             "#d8576b"
            ],
            [
             0.6666666666666666,
             "#ed7953"
            ],
            [
             0.7777777777777778,
             "#fb9f3a"
            ],
            [
             0.8888888888888888,
             "#fdca26"
            ],
            [
             1,
             "#f0f921"
            ]
           ],
           "sequentialminus": [
            [
             0,
             "#0d0887"
            ],
            [
             0.1111111111111111,
             "#46039f"
            ],
            [
             0.2222222222222222,
             "#7201a8"
            ],
            [
             0.3333333333333333,
             "#9c179e"
            ],
            [
             0.4444444444444444,
             "#bd3786"
            ],
            [
             0.5555555555555556,
             "#d8576b"
            ],
            [
             0.6666666666666666,
             "#ed7953"
            ],
            [
             0.7777777777777778,
             "#fb9f3a"
            ],
            [
             0.8888888888888888,
             "#fdca26"
            ],
            [
             1,
             "#f0f921"
            ]
           ]
          },
          "colorway": [
           "#636efa",
           "#EF553B",
           "#00cc96",
           "#ab63fa",
           "#FFA15A",
           "#19d3f3",
           "#FF6692",
           "#B6E880",
           "#FF97FF",
           "#FECB52"
          ],
          "font": {
           "color": "#2a3f5f"
          },
          "geo": {
           "bgcolor": "white",
           "lakecolor": "white",
           "landcolor": "#E5ECF6",
           "showlakes": true,
           "showland": true,
           "subunitcolor": "white"
          },
          "hoverlabel": {
           "align": "left"
          },
          "hovermode": "closest",
          "mapbox": {
           "style": "light"
          },
          "paper_bgcolor": "white",
          "plot_bgcolor": "#E5ECF6",
          "polar": {
           "angularaxis": {
            "gridcolor": "white",
            "linecolor": "white",
            "ticks": ""
           },
           "bgcolor": "#E5ECF6",
           "radialaxis": {
            "gridcolor": "white",
            "linecolor": "white",
            "ticks": ""
           }
          },
          "scene": {
           "xaxis": {
            "backgroundcolor": "#E5ECF6",
            "gridcolor": "white",
            "gridwidth": 2,
            "linecolor": "white",
            "showbackground": true,
            "ticks": "",
            "zerolinecolor": "white"
           },
           "yaxis": {
            "backgroundcolor": "#E5ECF6",
            "gridcolor": "white",
            "gridwidth": 2,
            "linecolor": "white",
            "showbackground": true,
            "ticks": "",
            "zerolinecolor": "white"
           },
           "zaxis": {
            "backgroundcolor": "#E5ECF6",
            "gridcolor": "white",
            "gridwidth": 2,
            "linecolor": "white",
            "showbackground": true,
            "ticks": "",
            "zerolinecolor": "white"
           }
          },
          "shapedefaults": {
           "line": {
            "color": "#2a3f5f"
           }
          },
          "ternary": {
           "aaxis": {
            "gridcolor": "white",
            "linecolor": "white",
            "ticks": ""
           },
           "baxis": {
            "gridcolor": "white",
            "linecolor": "white",
            "ticks": ""
           },
           "bgcolor": "#E5ECF6",
           "caxis": {
            "gridcolor": "white",
            "linecolor": "white",
            "ticks": ""
           }
          },
          "title": {
           "x": 0.05
          },
          "xaxis": {
           "automargin": true,
           "gridcolor": "white",
           "linecolor": "white",
           "ticks": "",
           "title": {
            "standoff": 15
           },
           "zerolinecolor": "white",
           "zerolinewidth": 2
          },
          "yaxis": {
           "automargin": true,
           "gridcolor": "white",
           "linecolor": "white",
           "ticks": "",
           "title": {
            "standoff": 15
           },
           "zerolinecolor": "white",
           "zerolinewidth": 2
          }
         }
        },
        "title": {
         "text": "Periodic embedding similarity matrix"
        },
        "xaxis": {
         "anchor": "y",
         "constrain": "domain",
         "domain": [
          0,
          1
         ],
         "scaleanchor": "y"
        },
        "yaxis": {
         "anchor": "x",
         "autorange": "reversed",
         "constrain": "domain",
         "domain": [
          0,
          1
         ]
        }
       }
      }
     },
     "metadata": {},
     "output_type": "display_data"
    }
   ],
   "source": [
    "import plotly.express as px\n",
    "from math import sin, cos, tau\n",
    "\n",
    "# generate embedding\n",
    "embedding = []\n",
    "\n",
    "period = 10\n",
    "N = 2*period\n",
    "\n",
    "for x in range(N):\n",
    "    embedding.append(np.array([cos((tau*x)/period), sin((tau*x)/period)]))\n",
    "\n",
    "similarity = []\n",
    "\n",
    "for x in embedding:\n",
    "    row = []\n",
    "    for y in embedding:\n",
    "        row.append(np.dot(x, y)/(np.linalg.norm(x)*np.linalg.norm(y)))\n",
    "    similarity.append(row)\n",
    "\n",
    "figure = px.imshow(similarity, title=f\"Periodic embedding similarity matrix\")\n",
    "figure"
   ]
  },
  {
   "cell_type": "code",
   "execution_count": 4,
   "metadata": {},
   "outputs": [
    {
     "data": {
      "application/vnd.plotly.v1+json": {
       "config": {
        "plotlyServerURL": "https://plot.ly"
       },
       "data": [
        {
         "coloraxis": "coloraxis",
         "hovertemplate": "x: %{x}<br>y: %{y}<br>color: %{z}<extra></extra>",
         "name": "0",
         "type": "heatmap",
         "xaxis": "x",
         "yaxis": "y",
         "z": [
          [
           1,
           0.39814886450767517,
           0.1873401254415512,
           0.10079610347747803,
           -0.001288259052671492,
           -0.06725899130105972,
           -0.057988934218883514,
           -0.07710830867290497,
           -0.3163447380065918,
           -0.1610831618309021,
           0.11891037970781326,
           -0.034290775656700134,
           -0.038896992802619934,
           -0.05717334523797035,
           -0.047973185777664185,
           -0.007545179221779108,
           -0.057156603783369064,
           -0.005310614127665758,
           -0.04359389469027519,
           -0.00016041735943872482,
           0.03629925101995468,
           -0.0822625607252121,
           -0.11064644157886505,
           -0.10067758709192276,
           0.1043928787112236,
           -0.11586058884859085,
           -0.014655542559921741
          ],
          [
           0.39814886450767517,
           1,
           0.3182443678379059,
           0.10181089490652084,
           0.05697786808013916,
           -0.030108582228422165,
           -0.1618407815694809,
           -0.1385127454996109,
           -0.15077543258666992,
           -0.26061785221099854,
           -0.011008370667696,
           0.02688189595937729,
           -0.13946208357810974,
           -0.01320093683898449,
           -0.02759653329849243,
           -0.03622947633266449,
           0.044365473091602325,
           -0.0627475455403328,
           -0.11228184401988983,
           -0.0001655592059250921,
           0.022709937766194344,
           -0.07899944484233856,
           -0.09547407925128937,
           -0.08460789173841476,
           0.01760229282081127,
           0.029740387573838234,
           -0.029840664938092232
          ],
          [
           0.1873401254415512,
           0.3182443678379059,
           1.0000001192092896,
           0.3266898989677429,
           0.08994923532009125,
           0.0032277354039251804,
           -0.06737364083528519,
           -0.20686742663383484,
           -0.20515917241573334,
           -0.21385136246681213,
           -0.06269218772649765,
           0.01836971379816532,
           -0.03395466506481171,
           -0.06827288120985031,
           -0.04546661674976349,
           -0.06435832381248474,
           -0.000995633308775723,
           -0.06529129296541214,
           -0.05549070984125137,
           -0.031062565743923187,
           -0.02691887877881527,
           -0.09168088436126709,
           -0.10801655054092407,
           -0.037351712584495544,
