{
 "cells": [
  {
   "cell_type": "markdown",
   "metadata": {},
   "source": [
    "# Setup"
   ]
  },
  {
   "cell_type": "code",
   "execution_count": 1,
   "metadata": {},
   "outputs": [
    {
     "name": "stderr",
     "output_type": "stream",
     "text": [
      "/Users/midataur/Documents/github/permutations/scaling-generator/.venv/lib/python3.12/site-packages/tqdm/auto.py:21: TqdmWarning: IProgress not found. Please update jupyter and ipywidgets. See https://ipywidgets.readthedocs.io/en/stable/user_install.html\n",
      "  from .autonotebook import tqdm as notebook_tqdm\n"
     ]
    }
   ],
   "source": [
    "import torch.optim as optim\n",
    "import torch.nn.functional as F\n",
    "from torch.optim.lr_scheduler import ReduceLROnPlateau\n",
    "import wandb\n",
    "from utilities import *\n",
    "from config import *\n",
    "from dataloading import *\n",
    "from tqdm import tqdm\n",
    "from transformer import *\n",
    "import os"
   ]
  },
  {
   "cell_type": "code",
   "execution_count": 3,
   "metadata": {},
   "outputs": [
    {
     "name": "stderr",
     "output_type": "stream",
     "text": [
      "Loading data: 200000it [00:14, 13962.66it/s]\n",
      "Loading data: 10000it [00:00, 54550.90it/s]\n",
      "Loading data: 5000it [00:00, 57823.60it/s]\n"
     ]
    }
   ],
   "source": [
    "(\n",
    "        train_inputs, train_perms, train_dataloader, \n",
    "        val_seqs, val_perms, val_dataloader,\n",
    "        test_seqs, test_perms, test_dataloader,\n",
    "        dataset_size\n",
    ") = load_data()"
   ]
  },
  {
   "cell_type": "markdown",
   "metadata": {},
   "source": [
    "## Load model (accelerator version)"
   ]
  },
  {
   "cell_type": "code",
   "execution_count": 11,
   "metadata": {},
   "outputs": [],
   "source": [
    "from accelerate import Accelerator, load_checkpoint_and_dispatch\n",
    "\n",
    "# setup the model\n",
    "model = BigramLanguageModel()\n",
    "\n",
    "accelerator = Accelerator()\n",
    "\n",
    "# optionally: load the model\n",
    "save_directory = f\"{PATH}/model/{MODELNAME}\"\n",
    "file_path = f\"{save_directory}/model.safetensors\"\n",
    "\n",
    "model = load_checkpoint_and_dispatch(model, file_path)"
   ]
  },
  {
   "cell_type": "code",
   "execution_count": 13,
   "metadata": {},
   "outputs": [
    {
     "data": {
      "text/plain": [
       "BigramLanguageModel(\n",
       "  (token_embedding_table): Embedding(52, 606)\n",
       "  (position_embedding): Embedding(66, 606)\n",
       "  (sa_heads): MultiHeadAttention(\n",
       "    (heads): ModuleList(\n",
       "      (0-5): 6 x Head(\n",
       "        (key): Linear(in_features=606, out_features=101, bias=False)\n",
       "        (query): Linear(in_features=606, out_features=101, bias=False)\n",
       "        (value): Linear(in_features=606, out_features=101, bias=False)\n",
       "        (dropout): Dropout(p=0, inplace=False)\n",
       "      )\n",
       "    )\n",
       "    (proj): Linear(in_features=606, out_features=606, bias=True)\n",
       "    (dropout): Dropout(p=0, inplace=False)\n",
       "  )\n",
       "  (blocks): Sequential(\n",
       "    (0): Block(\n",
       "      (sa): MultiHeadAttention(\n",
       "        (heads): ModuleList(\n",
       "          (0-5): 6 x Head(\n",
       "            (key): Linear(in_features=606, out_features=101, bias=False)\n",
       "            (query): Linear(in_features=606, out_features=101, bias=False)\n",
       "            (value): Linear(in_features=606, out_features=101, bias=False)\n",
       "            (dropout): Dropout(p=0, inplace=False)\n",
       "          )\n",
       "        )\n",
       "        (proj): Linear(in_features=606, out_features=606, bias=True)\n",
       "        (dropout): Dropout(p=0, inplace=False)\n",
       "      )\n",
       "      (ffwd): FeedForward(\n",
       "        (net): Sequential(\n",
       "          (0): Linear(in_features=606, out_features=2424, bias=True)\n",
       "          (1): ReLU()\n",
       "          (2): Linear(in_features=2424, out_features=606, bias=True)\n",
       "          (3): Dropout(p=0, inplace=False)\n",
       "        )\n",
       "      )\n",
       "      (ln1): LayerNorm((606,), eps=1e-05, elementwise_affine=True)\n",
       "      (ln2): LayerNorm((606,), eps=1e-05, elementwise_affine=True)\n",
       "    )\n",
       "    (1): Block(\n",
       "      (sa): MultiHeadAttention(\n",
       "        (heads): ModuleList(\n",
       "          (0-5): 6 x Head(\n",
       "            (key): Linear(in_features=606, out_features=101, bias=False)\n",
       "            (query): Linear(in_features=606, out_features=101, bias=False)\n",
       "            (value): Linear(in_features=606, out_features=101, bias=False)\n",
       "            (dropout): Dropout(p=0, inplace=False)\n",
       "          )\n",
       "        )\n",
       "        (proj): Linear(in_features=606, out_features=606, bias=True)\n",
       "        (dropout): Dropout(p=0, inplace=False)\n",
       "      )\n",
       "      (ffwd): FeedForward(\n",
       "        (net): Sequential(\n",
       "          (0): Linear(in_features=606, out_features=2424, bias=True)\n",
       "          (1): ReLU()\n",
       "          (2): Linear(in_features=2424, out_features=606, bias=True)\n",
       "          (3): Dropout(p=0, inplace=False)\n",
       "        )\n",
       "      )\n",
       "      (ln1): LayerNorm((606,), eps=1e-05, elementwise_affine=True)\n",
       "      (ln2): LayerNorm((606,), eps=1e-05, elementwise_affine=True)\n",
       "    )\n",
       "    (2): Block(\n",
       "      (sa): MultiHeadAttention(\n",
       "        (heads): ModuleList(\n",
       "          (0-5): 6 x Head(\n",
       "            (key): Linear(in_features=606, out_features=101, bias=False)\n",
       "            (query): Linear(in_features=606, out_features=101, bias=False)\n",
       "            (value): Linear(in_features=606, out_features=101, bias=False)\n",
       "            (dropout): Dropout(p=0, inplace=False)\n",
       "          )\n",
       "        )\n",
       "        (proj): Linear(in_features=606, out_features=606, bias=True)\n",
       "        (dropout): Dropout(p=0, inplace=False)\n",
       "      )\n",
       "      (ffwd): FeedForward(\n",
       "        (net): Sequential(\n",
       "          (0): Linear(in_features=606, out_features=2424, bias=True)\n",
       "          (1): ReLU()\n",
       "          (2): Linear(in_features=2424, out_features=606, bias=True)\n",
       "          (3): Dropout(p=0, inplace=False)\n",
       "        )\n",
       "      )\n",
       "      (ln1): LayerNorm((606,), eps=1e-05, elementwise_affine=True)\n",
       "      (ln2): LayerNorm((606,), eps=1e-05, elementwise_affine=True)\n",
       "    )\n",
       "    (3): Block(\n",
       "      (sa): MultiHeadAttention(\n",
       "        (heads): ModuleList(\n",
       "          (0-5): 6 x Head(\n",
       "            (key): Linear(in_features=606, out_features=101, bias=False)\n",
       "            (query): Linear(in_features=606, out_features=101, bias=False)\n",
       "            (value): Linear(in_features=606, out_features=101, bias=False)\n",
       "            (dropout): Dropout(p=0, inplace=False)\n",
       "          )\n",
       "        )\n",
       "        (proj): Linear(in_features=606, out_features=606, bias=True)\n",
       "        (dropout): Dropout(p=0, inplace=False)\n",
       "      )\n",
       "      (ffwd): FeedForward(\n",
       "        (net): Sequential(\n",
       "          (0): Linear(in_features=606, out_features=2424, bias=True)\n",
       "          (1): ReLU()\n",
       "          (2): Linear(in_features=2424, out_features=606, bias=True)\n",
       "          (3): Dropout(p=0, inplace=False)\n",
       "        )\n",
       "      )\n",
       "      (ln1): LayerNorm((606,), eps=1e-05, elementwise_affine=True)\n",
       "      (ln2): LayerNorm((606,), eps=1e-05, elementwise_affine=True)\n",
       "    )\n",
       "    (4): LayerNorm((606,), eps=1e-05, elementwise_affine=True)\n",
       "  )\n",
       "  (lm_head): Linear(in_features=606, out_features=52, bias=False)\n",
       "  (softmax): Softmax(dim=1)\n",
       ")"
      ]
     },
     "execution_count": 13,
     "metadata": {},
     "output_type": "execute_result"
    }
   ],
   "source": [
    "model"
   ]
  },
  {
   "cell_type": "code",
   "execution_count": 14,
   "metadata": {},
   "outputs": [
    {
     "data": {
      "text/plain": [
       "19225350"
      ]
     },
     "execution_count": 14,
     "metadata": {},
     "output_type": "execute_result"
    }
   ],
   "source": [
    "sum(p.numel() for p in model.parameters() if p.requires_grad)"
   ]
  },
  {
   "cell_type": "markdown",
   "metadata": {},
   "source": [
    "## Load model (legacy version)"
   ]
  },
  {
   "cell_type": "code",
   "execution_count": 4,
   "metadata": {},
   "outputs": [
    {
     "data": {
      "text/plain": [
       "True"
      ]
     },
     "execution_count": 4,
     "metadata": {},
     "output_type": "execute_result"
    }
   ],
   "source": [
    "from accelerate import Accelerator, load_checkpoint_and_dispatch\n",
    "\n",
    "# setup the model\n",
    "model = BigramLanguageModel()\n",
    "\n",
    "device = \"cpu\"\n",
    "model = nn.DataParallel(model)\n",
    "model = model.to(device)\n",
    "\n",
    "# optionally: load the model\n",
    "filename = f\"{PATH}/model/{MODELNAME}.pth\"\n",
    "\n",
    "if os.path.isfile(filename):\n",
    "    model.load_state_dict(torch.load(filename, map_location=torch.device(device)))\n",
    "\n",
    "os.path.isfile(filename)"
   ]
  },
  {
   "cell_type": "code",
   "execution_count": null,
   "metadata": {},
   "outputs": [],
   "source": [
    "19_225_350"
   ]
  },
  {
   "cell_type": "code",
   "execution_count": null,
   "metadata": {},
   "outputs": [],
   "source": [
    "!pwd"
   ]
  },
  {
   "cell_type": "code",
   "execution_count": null,
   "metadata": {},
   "outputs": [],
   "source": [
    "torch.norm(model.module.position_embedding(torch.arange(block_size)), dim=1)"
   ]
  },
  {
   "cell_type": "code",
   "execution_count": null,
   "metadata": {},
   "outputs": [],
   "source": [
    "INPUT_LENGTH"
   ]
  },
  {
   "cell_type": "code",
   "execution_count": 5,
   "metadata": {},
   "outputs": [
    {
     "data": {
      "application/vnd.plotly.v1+json": {
       "config": {
        "plotlyServerURL": "https://plot.ly"
       },
       "data": [
        {
         "coloraxis": "coloraxis",
         "hovertemplate": "x: %{x}<br>y: %{y}<br>color: %{z}<extra></extra>",
         "name": "0",
         "type": "heatmap",
         "xaxis": "x",
         "yaxis": "y",
         "z": [
          [
           1,
           0.8090169943749475,
           0.3090169943749475,
           -0.30901699437494734,
           -0.8090169943749473,
           -1,
           -0.8090169943749476,
           -0.30901699437494756,
           0.30901699437494723,
           0.8090169943749473,
           1,
           0.8090169943749481,
           0.30901699437494773,
           -0.3090169943749472,
           -0.8090169943749472,
           -1,
           -0.8090169943749477,
           -0.30901699437494784,
           0.309016994374947,
           0.8090169943749472
          ],
          [
           0.8090169943749475,
           1,
           0.8090169943749476,
           0.3090169943749475,
           -0.30901699437494723,
           -0.8090169943749473,
           -1.0000000000000002,
           -0.8090169943749476,
           -0.3090169943749476,
           0.3090169943749472,
           0.8090169943749473,
           1,
           0.8090169943749477,
           0.3090169943749478,
           -0.3090169943749472,
           -0.8090169943749472,
           -1,
           -0.8090169943749477,
           -0.3090169943749479,
           0.30901699437494706
          ],
          [
           0.3090169943749475,
           0.8090169943749476,
           1.0000000000000002,
           0.8090169943749476,
           0.30901699437494756,
           -0.3090169943749474,
           -0.8090169943749476,
           -1.0000000000000002,
           -0.8090169943749477,
           -0.3090169943749477,
           0.3090169943749473,
           0.8090169943749469,
           1.0000000000000002,
           0.8090169943749478,
           0.30901699437494773,
           -0.3090169943749472,
           -0.8090169943749473,
           -1.0000000000000002,
           -0.8090169943749478,
           -0.30901699437494784
          ],
          [
           -0.30901699437494734,
           0.3090169943749475,
           0.8090169943749476,
           1,
           0.8090169943749475,
           0.30901699437494745,
           -0.30901699437494745,
           -0.8090169943749475,
           -1,
           -0.8090169943749476,
           -0.30901699437494756,
           0.30901699437494645,
           0.8090169943749473,
           1.0000000000000002,
           0.8090169943749476,
           0.3090169943749477,
           -0.3090169943749472,
           -0.8090169943749472,
           -1,
           -0.8090169943749478
          ],
          [
           -0.8090169943749473,
           -0.30901699437494723,
           0.30901699437494756,
           0.8090169943749475,
           1,
           0.8090169943749475,
           0.3090169943749474,
           -0.3090169943749474,
           -0.8090169943749473,
           -1,
           -0.8090169943749475,
           -0.30901699437494834,
           0.3090169943749473,
           0.8090169943749475,
           1,
           0.8090169943749476,
           0.3090169943749477,
           -0.3090169943749471,
           -0.8090169943749472,
           -1.0000000000000002
          ],
          [
           -1,
           -0.8090169943749473,
           -0.3090169943749474,
           0.30901699437494745,
           0.8090169943749475,
           1,
           0.8090169943749475,
           0.30901699437494745,
           -0.30901699437494734,
           -0.8090169943749475,
           -1,
           -0.809016994374948,
           -0.3090169943749476,
           0.3090169943749473,
           0.8090169943749473,
           1,
           0.8090169943749476,
           0.30901699437494773,
           -0.3090169943749471,
           -0.8090169943749473
          ],
          [
           -0.8090169943749476,
           -1.0000000000000002,
           -0.8090169943749476,
           -0.30901699437494745,
           0.3090169943749474,
           0.8090169943749475,
           1.0000000000000002,
           0.8090169943749476,
           0.30901699437494756,
           -0.3090169943749473,
           -0.8090169943749475,
           -1.0000000000000002,
           -0.8090169943749477,
           -0.3090169943749477,
           0.3090169943749473,
           0.8090169943749473,
           1.0000000000000002,
           0.8090169943749477,
           0.30901699437494784,
           -0.3090169943749471
          ],
          [
           -0.30901699437494756,
           -0.8090169943749476,
           -1.0000000000000002,
           -0.8090169943749475,
           -0.3090169943749474,
           0.30901699437494745,
           0.8090169943749476,
           1,
           0.8090169943749475,
           0.3090169943749475,
           -0.30901699437494734,
           -0.8090169943749469,
           -1,
           -0.8090169943749477,
           -0.30901699437494756,
           0.30901699437494723,
           0.8090169943749472,
           1,
           0.8090169943749477,
           0.3090169943749478
          ],
          [
           0.30901699437494723,
           -0.3090169943749476,
           -0.8090169943749477,
           -1,
           -0.8090169943749473,
           -0.30901699437494734,
           0.30901699437494756,
           0.8090169943749475,
           1,
           0.8090169943749475,
           0.30901699437494745,
           -0.30901699437494656,
           -0.8090169943749475,
           -1.0000000000000002,
           -0.8090169943749475,
           -0.30901699437494756,
           0.30901699437494723,
           0.8090169943749472,
           1,
           0.8090169943749477
          ],
          [
           0.8090169943749473,
           0.3090169943749472,
           -0.3090169943749477,
           -0.8090169943749476,
           -1,
           -0.8090169943749475,
           -0.3090169943749473,
           0.3090169943749475,
           0.8090169943749475,
           1.0000000000000002,
           0.8090169943749475,
           0.3090169943749483,
           -0.3090169943749474,
           -0.8090169943749476,
           -1,
           -0.8090169943749476,
           -0.3090169943749476,
           0.30901699437494723,
           0.8090169943749473,
           1.0000000000000002
          ],
          [
           1,
           0.8090169943749473,
           0.3090169943749473,
           -0.30901699437494756,
           -0.8090169943749475,
           -1,
           -0.8090169943749475,
           -0.30901699437494734,
           0.30901699437494745,
           0.8090169943749475,
           1,
           0.809016994374948,
           0.3090169943749475,
           -0.3090169943749474,
           -0.8090169943749473,
           -1,
           -0.8090169943749476,
           -0.3090169943749476,
           0.30901699437494723,
           0.8090169943749473
          ],
          [
           0.8090169943749481,
           1,
           0.8090169943749469,
           0.30901699437494645,
           -0.30901699437494834,
           -0.809016994374948,
           -1.0000000000000002,
           -0.8090169943749469,
           -0.30901699437494656,
           0.3090169943749483,
           0.809016994374948,
           1,
           0.809016994374947,
           0.30901699437494673,
           -0.3090169943749483,
           -0.8090169943749479,
           -1,
           -0.809016994374947,
           -0.3090169943749468,
           0.3090169943749481
          ],
          [
           0.30901699437494773,
           0.8090169943749477,
           1.0000000000000002,
           0.8090169943749473,
           0.3090169943749473,
           -0.3090169943749476,
           -0.8090169943749477,
           -1,
           -0.8090169943749475,
           -0.3090169943749474,
           0.3090169943749475,
           0.809016994374947,
           1.0000000000000002,
           0.8090169943749476,
           0.30901699437494745,
           -0.3090169943749474,
           -0.8090169943749475,
           -1,
           -0.8090169943749476,
           -0.3090169943749476
          ],
          [
           -0.3090169943749472,
           0.3090169943749478,
           0.8090169943749478,
           1.0000000000000002,
           0.8090169943749475,
           0.3090169943749473,
           -0.3090169943749477,
           -0.8090169943749477,
           -1.0000000000000002,
           -0.8090169943749476,
           -0.3090169943749474,
           0.30901699437494673,
           0.8090169943749476,
           1.0000000000000002,
           0.8090169943749475,
           0.3090169943749475,
           -0.3090169943749474,
           -0.8090169943749475,
           -1.0000000000000002,
           -0.8090169943749477
          ],
          [
           -0.8090169943749472,
           -0.3090169943749472,
           0.30901699437494773,
           0.8090169943749476,
           1,
           0.8090169943749473,
           0.3090169943749473,
           -0.30901699437494756,
           -0.8090169943749475,
           -1,
           -0.8090169943749473,
           -0.3090169943749483,
           0.30901699437494745,
           0.8090169943749475,
           1,
           0.8090169943749475,
           0.3090169943749475,
           -0.3090169943749473,
           -0.8090169943749473,
           -1
          ],
          [
           -1,
           -0.8090169943749472,
           -0.3090169943749472,
           0.3090169943749477,
           0.8090169943749476,
           1,
           0.8090169943749473,
           0.30901699437494723,
           -0.30901699437494756,
           -0.8090169943749476,
           -1,
           -0.8090169943749479,
           -0.3090169943749474,
           0.3090169943749475,
           0.8090169943749475,
           1,
           0.8090169943749475,
           0.3090169943749475,
           -0.30901699437494734,
           -0.8090169943749475
          ],
          [
           -0.8090169943749477,
           -1,
           -0.8090169943749473,
           -0.3090169943749472,
           0.3090169943749477,
           0.8090169943749476,
           1.0000000000000002,
           0.8090169943749472,
           0.30901699437494723,
           -0.3090169943749476,
           -0.8090169943749476,
           -1,
           -0.8090169943749475,
           -0.3090169943749474,
           0.3090169943749475,
           0.8090169943749475,
           1,
           0.8090169943749475,
           0.30901699437494745,
           -0.3090169943749474
          ],
          [
           -0.30901699437494784,
           -0.8090169943749477,
           -1.0000000000000002,
           -0.8090169943749472,
           -0.3090169943749471,
           0.30901699437494773,
           0.8090169943749477,
           1,
           0.8090169943749472,
           0.30901699437494723,
           -0.3090169943749476,
           -0.809016994374947,
           -1,
           -0.8090169943749475,
           -0.3090169943749473,
           0.3090169943749475,
           0.8090169943749475,
           1,
           0.8090169943749475,
           0.3090169943749475
          ],
          [
           0.309016994374947,
           -0.3090169943749479,
           -0.8090169943749478,
           -1,
           -0.8090169943749472,
           -0.3090169943749471,
           0.30901699437494784,
           0.8090169943749477,
           1,
           0.8090169943749473,
           0.30901699437494723,
           -0.3090169943749468,
           -0.8090169943749476,
           -1.0000000000000002,
           -0.8090169943749473,
           -0.30901699437494734,
           0.30901699437494745,
           0.8090169943749475,
           1,
           0.8090169943749476
          ],
          [
           0.8090169943749472,
           0.30901699437494706,
           -0.30901699437494784,
           -0.8090169943749478,
           -1.0000000000000002,
           -0.8090169943749473,
           -0.3090169943749471,
           0.3090169943749478,
           0.8090169943749477,
           1.0000000000000002,
           0.8090169943749473,
           0.3090169943749481,
           -0.3090169943749476,
           -0.8090169943749477,
           -1,
           -0.8090169943749475,
           -0.3090169943749474,
           0.3090169943749475,
           0.8090169943749476,
           1.0000000000000002
          ]
         ]
        }
       ],
       "layout": {
        "coloraxis": {
         "colorscale": [
          [
           0,
           "#0d0887"
          ],
          [
           0.1111111111111111,
           "#46039f"
          ],
          [
           0.2222222222222222,
           "#7201a8"
          ],
          [
           0.3333333333333333,
           "#9c179e"
          ],
          [
           0.4444444444444444,
           "#bd3786"
          ],
          [
           0.5555555555555556,
           "#d8576b"
          ],
          [
           0.6666666666666666,
           "#ed7953"
          ],
          [
           0.7777777777777778,
           "#fb9f3a"
          ],
          [
           0.8888888888888888,
           "#fdca26"
          ],
          [
           1,
           "#f0f921"
          ]
         ]
        },
        "template": {
         "data": {
          "bar": [
           {
            "error_x": {
             "color": "#2a3f5f"
            },
            "error_y": {
             "color": "#2a3f5f"
            },
            "marker": {
             "line": {
              "color": "#E5ECF6",
              "width": 0.5
             },
             "pattern": {
              "fillmode": "overlay",
              "size": 10,
              "solidity": 0.2
             }
            },
            "type": "bar"
           }
          ],
          "barpolar": [
           {
            "marker": {
             "line": {
              "color": "#E5ECF6",
              "width": 0.5
             },
             "pattern": {
              "fillmode": "overlay",
              "size": 10,
              "solidity": 0.2
             }
            },
            "type": "barpolar"
           }
          ],
          "carpet": [
           {
            "aaxis": {
             "endlinecolor": "#2a3f5f",
             "gridcolor": "white",
             "linecolor": "white",
             "minorgridcolor": "white",
             "startlinecolor": "#2a3f5f"
            },
            "baxis": {
             "endlinecolor": "#2a3f5f",
             "gridcolor": "white",
             "linecolor": "white",
             "minorgridcolor": "white",
             "startlinecolor": "#2a3f5f"
            },
            "type": "carpet"
           }
          ],
          "choropleth": [
           {
            "colorbar": {
             "outlinewidth": 0,
             "ticks": ""
            },
            "type": "choropleth"
           }
          ],
          "contour": [
           {
            "colorbar": {
             "outlinewidth": 0,
             "ticks": ""
            },
            "colorscale": [
             [
              0,
              "#0d0887"
             ],
             [
              0.1111111111111111,
              "#46039f"
             ],
             [
              0.2222222222222222,
              "#7201a8"
             ],
             [
              0.3333333333333333,
              "#9c179e"
             ],
             [
              0.4444444444444444,
              "#bd3786"
             ],
             [
              0.5555555555555556,
              "#d8576b"
             ],
             [
              0.6666666666666666,
              "#ed7953"
             ],
             [
              0.7777777777777778,
              "#fb9f3a"
             ],
             [
              0.8888888888888888,
              "#fdca26"
             ],
             [
              1,
              "#f0f921"
             ]
            ],
            "type": "contour"
           }
          ],
          "contourcarpet": [
           {
            "colorbar": {
             "outlinewidth": 0,
             "ticks": ""
            },
            "type": "contourcarpet"
           }
          ],
          "heatmap": [
           {
            "colorbar": {
             "outlinewidth": 0,
             "ticks": ""
            },
            "colorscale": [
             [
              0,
              "#0d0887"
             ],
             [
              0.1111111111111111,
              "#46039f"
             ],
             [
              0.2222222222222222,
              "#7201a8"
             ],
             [
              0.3333333333333333,
              "#9c179e"
             ],
             [
              0.4444444444444444,
              "#bd3786"
             ],
             [
              0.5555555555555556,
              "#d8576b"
             ],
             [
              0.6666666666666666,
              "#ed7953"
             ],
             [
              0.7777777777777778,
              "#fb9f3a"
             ],
             [
              0.8888888888888888,
              "#fdca26"
             ],
             [
              1,
              "#f0f921"
             ]
            ],
            "type": "heatmap"
           }
          ],
          "heatmapgl": [
           {
            "colorbar": {
             "outlinewidth": 0,
             "ticks": ""
            },
            "colorscale": [
             [
              0,
              "#0d0887"
             ],
             [
              0.1111111111111111,
              "#46039f"
             ],
             [
              0.2222222222222222,
              "#7201a8"
             ],
             [
              0.3333333333333333,
              "#9c179e"
             ],
             [
              0.4444444444444444,
              "#bd3786"
             ],
             [
              0.5555555555555556,
              "#d8576b"
             ],
             [
              0.6666666666666666,
              "#ed7953"
             ],
             [
              0.7777777777777778,
              "#fb9f3a"
             ],
             [
              0.8888888888888888,
              "#fdca26"
             ],
             [
              1,
              "#f0f921"
             ]
            ],
            "type": "heatmapgl"
           }
          ],
          "histogram": [
           {
            "marker": {
             "pattern": {
              "fillmode": "overlay",
              "size": 10,
              "solidity": 0.2
             }
            },
            "type": "histogram"
           }
          ],
          "histogram2d": [
           {
            "colorbar": {
             "outlinewidth": 0,
             "ticks": ""
            },
            "colorscale": [
             [
              0,
              "#0d0887"
             ],
             [
              0.1111111111111111,
              "#46039f"
             ],
             [
              0.2222222222222222,
              "#7201a8"
             ],
             [
              0.3333333333333333,
              "#9c179e"
             ],
             [
              0.4444444444444444,
              "#bd3786"
             ],
             [
              0.5555555555555556,
              "#d8576b"
             ],
             [
              0.6666666666666666,
              "#ed7953"
             ],
             [
              0.7777777777777778,
              "#fb9f3a"
             ],
             [
              0.8888888888888888,
              "#fdca26"
             ],
             [
              1,
              "#f0f921"
             ]
            ],
            "type": "histogram2d"
           }
          ],
          "histogram2dcontour": [
           {
            "colorbar": {
             "outlinewidth": 0,
             "ticks": ""
            },
            "colorscale": [
             [
              0,
              "#0d0887"
             ],
             [
              0.1111111111111111,
              "#46039f"
             ],
             [
              0.2222222222222222,
              "#7201a8"
             ],
             [
              0.3333333333333333,
              "#9c179e"
             ],
             [
              0.4444444444444444,
              "#bd3786"
             ],
             [
              0.5555555555555556,
              "#d8576b"
             ],
             [
              0.6666666666666666,
              "#ed7953"
             ],
             [
              0.7777777777777778,
              "#fb9f3a"
             ],
             [
              0.8888888888888888,
              "#fdca26"
             ],
             [
              1,
              "#f0f921"
             ]
            ],
            "type": "histogram2dcontour"
           }
          ],
          "mesh3d": [
           {
            "colorbar": {
             "outlinewidth": 0,
             "ticks": ""
            },
            "type": "mesh3d"
           }
          ],
          "parcoords": [
           {
            "line": {
             "colorbar": {
              "outlinewidth": 0,
              "ticks": ""
             }
            },
            "type": "parcoords"
           }
          ],
          "pie": [
           {
            "automargin": true,
            "type": "pie"
           }
          ],
          "scatter": [
           {
            "fillpattern": {
             "fillmode": "overlay",
             "size": 10,
             "solidity": 0.2
            },
            "type": "scatter"
           }
          ],
          "scatter3d": [
           {
            "line": {
             "colorbar": {
              "outlinewidth": 0,
              "ticks": ""
             }
            },
            "marker": {
             "colorbar": {
              "outlinewidth": 0,
              "ticks": ""
             }
            },
            "type": "scatter3d"
           }
          ],
          "scattercarpet": [
           {
            "marker": {
             "colorbar": {
              "outlinewidth": 0,
              "ticks": ""
             }
            },
            "type": "scattercarpet"
           }
          ],
          "scattergeo": [
           {
            "marker": {
             "colorbar": {
              "outlinewidth": 0,
              "ticks": ""
             }
            },
            "type": "scattergeo"
           }
          ],
          "scattergl": [
           {
            "marker": {
             "colorbar": {
              "outlinewidth": 0,
              "ticks": ""
             }
            },
            "type": "scattergl"
           }
          ],
          "scattermapbox": [
           {
            "marker": {
             "colorbar": {
              "outlinewidth": 0,
              "ticks": ""
             }
            },
            "type": "scattermapbox"
           }
          ],
          "scatterpolar": [
           {
            "marker": {
             "colorbar": {
              "outlinewidth": 0,
              "ticks": ""
             }
            },
            "type": "scatterpolar"
           }
          ],
          "scatterpolargl": [
           {
            "marker": {
             "colorbar": {
              "outlinewidth": 0,
              "ticks": ""
             }
            },
            "type": "scatterpolargl"
           }
          ],
          "scatterternary": [
           {
            "marker": {
             "colorbar": {
              "outlinewidth": 0,
              "ticks": ""
             }
            },
            "type": "scatterternary"
           }
          ],
          "surface": [
           {
            "colorbar": {
             "outlinewidth": 0,
             "ticks": ""
            },
            "colorscale": [
             [
              0,
              "#0d0887"
             ],
             [
              0.1111111111111111,
              "#46039f"
             ],
             [
              0.2222222222222222,
              "#7201a8"
             ],
             [
              0.3333333333333333,
              "#9c179e"
             ],
             [
              0.4444444444444444,
              "#bd3786"
             ],
             [
              0.5555555555555556,
              "#d8576b"
             ],
             [
              0.6666666666666666,
              "#ed7953"
             ],
             [
              0.7777777777777778,
              "#fb9f3a"
             ],
             [
              0.8888888888888888,
              "#fdca26"
             ],
             [
              1,
              "#f0f921"
             ]
            ],
            "type": "surface"
           }
          ],
          "table": [
           {
            "cells": {
             "fill": {
              "color": "#EBF0F8"
             },
             "line": {
              "color": "white"
             }
            },
            "header": {
             "fill": {
              "color": "#C8D4E3"
             },
             "line": {
              "color": "white"
             }
            },
            "type": "table"
           }
          ]
         },
         "layout": {
          "annotationdefaults": {
           "arrowcolor": "#2a3f5f",
           "arrowhead": 0,
           "arrowwidth": 1
          },
          "autotypenumbers": "strict",
          "coloraxis": {
           "colorbar": {
            "outlinewidth": 0,
            "ticks": ""
           }
          },
          "colorscale": {
           "diverging": [
            [
             0,
             "#8e0152"
            ],
            [
             0.1,
             "#c51b7d"
            ],
            [
             0.2,
             "#de77ae"
            ],
            [
             0.3,
             "#f1b6da"
            ],
            [
             0.4,
             "#fde0ef"
            ],
            [
             0.5,
             "#f7f7f7"
            ],
            [
             0.6,
             "#e6f5d0"
            ],
            [
             0.7,
             "#b8e186"
            ],
            [
             0.8,
             "#7fbc41"
            ],
            [
             0.9,
             "#4d9221"
            ],
            [
             1,
             "#276419"
            ]
           ],
           "sequential": [
            [
             0,
             "#0d0887"
            ],
            [
             0.1111111111111111,
             "#46039f"
            ],
            [
             0.2222222222222222,
             "#7201a8"
            ],
            [
             0.3333333333333333,
             "#9c179e"
            ],
            [
             0.4444444444444444,
             "#bd3786"
            ],
            [
             0.5555555555555556,
             "#d8576b"
            ],
            [
             0.6666666666666666,
             "#ed7953"
            ],
            [
             0.7777777777777778,
             "#fb9f3a"
            ],
            [
             0.8888888888888888,
             "#fdca26"
            ],
            [
             1,
             "#f0f921"
            ]
           ],
           "sequentialminus": [
            [
             0,
             "#0d0887"
            ],
            [
             0.1111111111111111,
             "#46039f"
            ],
            [
             0.2222222222222222,
             "#7201a8"
            ],
            [
             0.3333333333333333,
             "#9c179e"
            ],
            [
             0.4444444444444444,
             "#bd3786"
            ],
            [
             0.5555555555555556,
             "#d8576b"
            ],
            [
             0.6666666666666666,
             "#ed7953"
            ],
            [
             0.7777777777777778,
             "#fb9f3a"
            ],
            [
             0.8888888888888888,
             "#fdca26"
            ],
            [
             1,
             "#f0f921"
            ]
           ]
          },
          "colorway": [
           "#636efa",
           "#EF553B",
           "#00cc96",
           "#ab63fa",
           "#FFA15A",
           "#19d3f3",
           "#FF6692",
           "#B6E880",
           "#FF97FF",
           "#FECB52"
          ],
          "font": {
           "color": "#2a3f5f"
          },
          "geo": {
           "bgcolor": "white",
           "lakecolor": "white",
           "landcolor": "#E5ECF6",
           "showlakes": true,
           "showland": true,
           "subunitcolor": "white"
          },
          "hoverlabel": {
           "align": "left"
          },
          "hovermode": "closest",
          "mapbox": {
           "style": "light"
          },
          "paper_bgcolor": "white",
          "plot_bgcolor": "#E5ECF6",
          "polar": {
           "angularaxis": {
            "gridcolor": "white",
            "linecolor": "white",
            "ticks": ""
           },
           "bgcolor": "#E5ECF6",
           "radialaxis": {
            "gridcolor": "white",
            "linecolor": "white",
            "ticks": ""
           }
          },
          "scene": {
           "xaxis": {
